variant,model_seed,episode,cost,rolling_cost,immediate_cost,penalty,energy_use,latency_ms,thermal_violation,energy_violation,queue_violation,contact_violation,epsilon,loss,td_loss,auxiliary_loss,preview_transition_scale
centered_full_action_dqn,818,0,106.57710987329483,106.57710987329483,39.11994630098343,67.45716370642185,1.6749077793210745,23275.571285247803,0.0,30.0,0.0,2.0,0.9954761904761905,,,,0.85
centered_full_action_dqn,818,1,108.82891327142715,107.70301157236099,40.158667750656605,68.67024621367455,1.7320016864687204,23619.637775421143,0.0,30.0,0.0,1.0,0.9909523809523809,1.2484441995620728,1.2391999959945679,0.03081401251256466,0.85
centered_full_action_dqn,818,2,105.81876625418663,107.07492979963621,39.352995082736015,66.46577099263668,1.7128702430054545,22461.905448913574,0.0,28.0,0.0,3.0,0.9864285714285714,1.0805563367903233,1.0725390240550041,0.02672433794941753,0.85
centered_full_action_dqn,818,3,176.7141212961765,124.48472767377129,45.87190154194832,130.84221987343741,1.9286016281694174,27260.40967941284,0.0,37.0,31.0,1.0,0.981904761904762,1.0698818899691105,1.0642774440348148,0.018681501038372517,0.85
centered_full_action_dqn,818,4,121.61685171652411,123.91115248232185,43.65922386199236,77.95762859958981,1.8406210765242577,25777.45065689087,0.0,31.0,3.0,1.0,0.9773809523809524,1.0420520715415478,1.037786576896906,0.014218286611139774,0.85
centered_full_action_dqn,818,5,130.43682470689788,124.99876451975119,37.45525494962931,92.9815696827628,1.779037157073617,23053.89153289795,0.0,35.0,20.0,0.0,0.9728571428571429,0.8359862603247166,0.8307508639991283,0.01745132962241769,0.85
centered_full_action_dqn,818,6,140.32039552759815,127.18756894944362,45.68013086915016,94.64026473295378,1.9188551437109709,27614.172786712646,0.0,32.0,14.0,2.0,0.9683333333333334,0.7252197451889515,0.7222951836884022,0.009748556971317157,0.85
centered_full_action_dqn,818,7,197.08466158104963,135.92470552839436,45.432758778333664,151.65190280271597,1.9596000174060464,27342.602405548096,0.0,38.0,39.0,1.0,0.9638095238095238,0.8056724071502686,0.8029722794890404,0.009000441757962108,0.85
centered_full_action_dqn,818,8,116.13752907514572,133.7261303669223,40.049565836787224,76.08796340227127,1.7642962569370866,23730.649278640747,0.0,32.0,0.0,0.0,0.9592857142857143,0.8859778456389904,0.8813461437821388,0.015438980277394876,0.85
centered_full_action_dqn,818,9,130.48099230589145,133.4016165608192,39.94094331562519,90.54004893066158,1.8213086416944861,23872.604293823242,0.0,36.0,16.0,2.0,0.9547619047619048,0.6251323763281107,0.6217788234353065,0.01117848523426801,0.85
centered_full_action_dqn,818,10,130.33796367088812,133.12310266173455,44.77200250327587,85.5659610335018,1.8720807982608676,26443.256912231445,0.0,33.0,6.0,1.0,0.9502380952380952,0.45088348537683487,0.44720240496098995,0.01227028004359454,0.85
centered_full_action_dqn,818,11,111.64413437545299,131.33318863787775,40.77772097289562,70.86641292572021,1.7424906520172954,23049.824363708496,0.0,30.0,0.0,2.0,0.9457142857142857,0.3014953248202801,0.2980144042521715,0.011603073449805379,0.85
centered_full_action_dqn,818,12,102.43382574617863,129.11016072313166,40.83659107983112,61.597234681248665,1.7460961323231459,23861.38907623291,0.0,28.0,0.0,0.0,0.9411904761904761,0.2715108972042799,0.26807202119380236,0.011462905327789485,0.85
centered_full_action_dqn,818,13,117.77866204082966,128.3007679601101,41.70494471490383,76.07371670007706,1.7364934207871556,23601.760120391846,0.0,31.0,0.0,0.0,0.9366666666666666,0.24290544912219048,0.2387938341125846,0.013705376943107694,0.85
centered_full_action_dqn,818,14,124.65813537836075,128.05792578799347,42.039746671915054,82.61838895976544,1.7899455269798636,24628.679412841797,0.0,33.0,0.0,1.0,0.9321428571428572,0.23884195182472467,0.23600254021584988,0.009464706323342398,0.85
centered_full_action_dqn,818,15,113.09154237210751,127.12252682450061,42.23693733662367,70.854604819417,1.7757553709670901,24361.541526794434,0.0,31.0,0.0,1.0,0.9276190476190476,0.5212841369211674,0.5178938582539558,0.011300921090878546,0.85
centered_full_action_dqn,818,16,115.23744511604309,126.42340437106192,41.022868782281876,74.2145756483078,1.7550854813307524,23831.229934692383,0.0,32.0,0.0,0.0,0.9230952380952381,0.5727039854973555,0.5677229762077332,0.01660334662301466,0.85
centered_full_action_dqn,818,17,128.7070971496893,126.55027619209676,43.15337370336056,85.55372365494499,1.9020728133618832,26267.464210510254,0.0,33.0,8.0,0.0,0.9185714285714286,0.39916270785033703,0.3958669826388359,0.010985737782903016,0.85
centered_full_action_dqn,818,18,113.74309836660083,125.87621420128119,35.62843830883503,78.1146595958298,1.7271519526839256,22016.993091583252,0.0,33.0,1.0,1.0,0.914047619047619,0.27826102636754513,0.2747428398579359,0.011727288772817701,0.85
centered_full_action_dqn,818,19,153.523581418695,127.25858256215187,40.37053440511227,113.15304701358271,1.8915034141391516,24697.382942199707,0.0,33.0,27.0,2.0,0.9095238095238095,0.24801611062139273,0.2442954843863845,0.012402077263686806,0.85
centered_full_action_dqn,818,20,147.3437439982334,129.29691426839884,42.40728662163019,104.93645739150439,1.8341441778466105,24960.64012145996,0.0,33.0,22.0,3.0,0.905,0.217326738871634,0.21434363722801208,0.009943673067027703,0.85
centered_full_action_dqn,818,21,150.66263476295725,131.38860034297534,43.74133685231209,106.92129813416261,1.8571786219254136,25702.708267211914,0.0,36.0,21.0,0.0,0.9004761904761904,0.2657157424837351,0.26212645322084427,0.011964290693867952,0.85
centered_full_action_dqn,818,22,153.58285211216977,133.7768046358745,43.73028847575188,109.85256335329586,1.8673144336789846,26059.9310836792,0.0,35.0,19.0,1.0,0.895952380952381,0.23819104209542274,0.23513489495962858,0.01018715783720836,0.85
centered_full_action_dqn,818,23,208.12437751814397,135.34731744697285,45.14858536422253,162.97579230293306,2.027101445943117,27879.692100524902,0.0,37.0,29.0,0.0,0.8914285714285715,0.605220383964479,0.6017483090981841,0.011573560594115406,0.85
centered_full_action_dqn,818,24,110.1360544204712,134.7732775821702,40.159121841192245,69.97693302631379,1.7102562505751848,22828.22752380371,0.0,30.0,0.0,1.0,0.8869047619047619,0.5252193622291088,0.5208555236458778,0.014546125254128128,0.85
centered_full_action_dqn,818,25,108.04296131432056,133.65358441254133,38.15081060677767,69.89215058088303,1.7041919967159629,22247.89504623413,0.0,31.0,0.0,0.0,0.8823809523809524,0.34957532212138176,0.34576371125876904,0.012705370550975204,0.85
centered_full_action_dqn,818,26,112.40254178224214,132.25769172527356,37.80325432121754,74.59928696928628,1.7553184321150184,22391.82926940918,0.0,32.0,2.0,2.0,0.8778571428571429,0.3165548499673605,0.3132634162902832,0.010971434647217393,0.85
centered_full_action_dqn,818,27,125.22534052925089,128.6647256726836,44.18150509893894,81.04383520679451,1.8448082329705358,25625.95513153076,0.0,33.0,9.0,1.0,0.8733333333333333,0.32793233916163445,0.32476487662643194,0.010558213863987476,0.85
centered_full_action_dqn,818,28,154.00519733574112,130.5581090857134,47.075402706861496,106.92979458417612,1.8953886441886425,27394.733528137207,0.0,35.0,20.0,3.0,0.8688095238095238,0.2734266323968768,0.26943805161863565,0.013295273529365659,0.85
centered_full_action_dqn,818,29,136.43299351987574,130.8557091464126,46.288978546857834,90.14401537534924,1.8820916637778282,26880.034154891968,0.0,32.0,14.0,2.0,0.8642857142857143,0.3238361468538642,0.32071231631562114,0.010412761010229588,0.85
centered_full_action_dqn,818,30,91.45700094103813,128.91166100992012,31.920960247516632,59.536039888858795,1.5862040426582098,19061.817672729492,0.0,27.0,0.0,1.0,0.8597619047619047,0.2898275004699826,0.28620064444839954,0.012089516036212444,0.85
centered_full_action_dqn,818,31,139.56865146110158,130.30788686420254,41.490151062607765,98.07850096473791,1.829892372712493,24594.66558456421,0.0,34.0,18.0,1.0,0.8552380952380952,0.7835414670407772,0.7796972142532468,0.012814165907911956,0.85
centered_full_action_dqn,818,32,130.8055670493841,131.72647392936278,43.02422575652599,87.78134102463721,1.8263816647231579,24673.772552490234,0.0,36.0,4.0,0.0,0.8507142857142858,0.5884611308574677,0.584261316806078,0.013999385933857411,0.85
centered_full_action_dqn,818,33,125.71278341709561,132.12317999817608,42.288682624697685,83.42410050927586,1.838603813201189,24620.725067138672,0.0,33.0,5.0,3.0,0.8461904761904762,0.45597856119275093,0.45151609741151333,0.014874877873808146,0.85
centered_full_action_dqn,818,34,128.42973308415836,132.31175988346598,41.157848834991455,87.27188402564947,1.797378589399159,23941.17684173584,0.0,36.0,19.0,1.0,0.8416666666666667,0.45964659471064806,0.4554156372323632,0.014103186898864806,0.85
centered_full_action_dqn,818,35,99.5329314917326,131.63382933944723,35.02727924287319,64.50565201044083,1.6533661894500256,20424.471878051758,0.0,26.0,0.0,1.0,0.8371428571428572,0.39594102650880814,0.39155180007219315,0.01463075604988262,0.85
centered_full_action_dqn,818,36,102.57055823504925,131.00048499539756,35.87341332435608,66.69714480638504,1.6035548001527786,20190.76801300049,0.0,30.0,0.0,0.0,0.8326190476190476,0.347910737618804,0.3438877025619149,0.013410109211690724,0.85
centered_full_action_dqn,818,37,133.44375514036741,131.23731789493144,46.30169177055359,87.14206314629641,1.901242564432323,26872.82168197632,0.0,37.0,9.0,1.0,0.8280952380952381,0.3343862872570753,0.33025137428194284,0.013783043716102839,0.85
centered_full_action_dqn,818,38,125.06284220725176,131.80330508696403,39.79199454188347,85.2708474269497,1.9372642682865262,24922.04656600952,0.0,31.0,6.0,1.0,0.8235714285714286,0.3128655022010207,0.3084184881299734,0.014823365781921893,0.85
centered_full_action_dqn,818,39,106.48252050578594,129.45125204131855,37.22511671483517,69.25740373134613,1.700616522692144,21833.366973876953,0.0,30.0,0.0,1.0,0.819047619047619,0.789550581946969,0.7852098681032658,0.014469037821982056,0.85
centered_full_action_dqn,818,40,95.39945829063655,126.85403775593872,38.251756101846695,57.14770253896713,1.691511582583189,22340.934087753296,0.0,24.0,0.0,1.0,0.8145238095238095,0.5309076104313135,0.5259701982140541,0.016458042024169117,0.85
centered_full_action_dqn,818,41,116.14817097783089,125.12831456668239,37.4945902377367,78.65358078479767,1.78413359913975,22408.89640045166,0.0,33.0,0.0,0.0,0.81,0.46708874590694904,0.4621437806636095,0.0164832110167481,0.85
centered_full_action_dqn,818,42,123.8489918500185,123.64162155357485,41.32951918244362,82.51947217583657,1.7744989544153214,23904.85524749756,0.0,35.0,0.0,2.0,0.8054761904761905,0.5130203580483794,0.5086336182430387,0.01462246768642217,0.85
centered_full_action_dqn,818,43,99.81174352765083,118.22598985405018,37.87875610589981,61.93298679590225,1.7095302818343043,22236.110790252686,0.0,27.0,0.0,0.0,0.800952380952381,0.531320852227509,0.5260961428284645,0.017415691982023418,0.85
centered_full_action_dqn,818,44,116.81100845336914,118.55973755569505,45.36794127523899,71.44306647777557,1.718787000514567,24709.719772338867,0.0,31.0,0.0,0.0,0.7964285714285715,0.42079566791653633,0.4156523272395134,0.017144461744464934,0.85
centered_full_action_dqn,818,45,99.56032445281744,118.13560571261992,38.208097003400326,61.35222741961479,1.6510256258770823,21502.716682434082,0.0,28.0,0.0,0.0,0.7919047619047619,0.4849919890984893,0.4806359224021435,0.014520226570311934,0.85
centered_full_action_dqn,818,46,125.61837039887905,118.79639714345176,44.04964739084244,81.5687235891819,1.8322496032342315,25174.367225646973,0.0,34.0,0.0,1.0,0.7873809523809524,0.5839050337672234,0.5783094875514507,0.018651818099897355,0.85
centered_full_action_dqn,818,47,106.37089344859123,117.85367478941876,38.64924202859402,67.72165118157864,1.7462032390758395,22831.775899887085,0.0,30.0,0.0,0.0,0.7828571428571429,0.8125375155359507,0.8071034960448742,0.01811339909909293,0.85
centered_full_action_dqn,818,48,115.96512277424335,115.95167106134389,41.95454894006252,74.01057404279709,1.7465013852342963,23730.429843902588,0.0,32.0,0.0,0.0,0.7783333333333333,0.6255803350359201,0.6189512405544519,0.022096978151239455,0.85
centered_full_action_dqn,818,49,116.03466621935368,114.93175469631778,42.52152107656002,73.51314496397973,1.7364231441169977,23591.701984405518,0.0,32.0,0.0,1.0,0.7738095238095238,0.5012027490884066,0.4957898147404194,0.018043094780296087,0.85
centered_full_action_dqn,818,50,102.27773780524731,115.47279153952823,39.75854331254959,62.51919468641281,1.7050926703959703,22952.04092025757,0.0,25.0,0.0,3.0,0.7692857142857144,0.4170810440555215,0.41114366240799427,0.019791267113760114,0.85
centered_full_action_dqn,818,51,179.25805772067662,117.45726185250699,44.937097027897835,134.32096051396485,1.9537554448470473,26951.28252029419,0.0,35.0,28.0,2.0,0.7647619047619048,0.5068040108308196,0.5017537213861942,0.01683431107085198,0.85
centered_full_action_dqn,818,52,129.33575206398964,117.38377110323727,40.49561296403408,88.84013912975789,1.8200788469985127,23550.036848068237,0.0,36.0,0.0,2.0,0.7602380952380953,0.5207828152924776,0.5154293216764927,0.017844983434770256,0.85
centered_full_action_dqn,818,53,114.3000895023346,116.81313640749923,36.08522081375122,78.21486895680428,1.6592173147946596,20706.177242279053,0.0,34.0,0.0,1.0,0.7557142857142858,0.5245395097881556,0.5195161644369364,0.01674448378616944,0.85
centered_full_action_dqn,818,54,107.29303251355887,115.75630137896924,37.972889594733715,69.32014300823212,1.7473533665761352,22159.39913368225,0.0,29.0,0.0,3.0,0.7511904761904762,0.7469454053789377,0.7419376512989402,0.0166925098747015,0.85
centered_full_action_dqn,818,55,108.19537182152271,116.18942339545875,42.17405487596989,66.02131624519825,1.7956301346421242,24522.649856567383,0.0,28.0,0.0,1.0,0.7466666666666667,0.6695478446781635,0.6633142717182636,0.020778598496690392,0.85
centered_full_action_dqn,818,56,115.79549446702003,116.85067020705728,40.78320688009262,75.0122868269682,1.7677369276061654,23245.65404510498,0.0,33.0,0.0,0.0,0.7421428571428572,0.5720325168222189,0.5659550409764051,0.0202582529745996,0.85
centered_full_action_dqn,818,57,112.23277559876442,115.79012122997715,38.75637048482895,73.4764044880867,1.6890552788972855,21856.124351501465,0.0,33.0,0.0,0.0,0.7376190476190476,0.60706193652004,0.6012842636555433,0.01925890805432573,0.85
centered_full_action_dqn,818,58,105.10939413309097,114.79244882626908,36.29343757033348,68.81595614552498,1.752438122406602,22094.955352783203,0.0,30.0,0.0,1.0,0.7330952380952381,0.5448796544224024,0.5381973143666983,0.022274473623838276,0.85
centered_full_action_dqn,818,59,106.994673268497,114.81805646440463,39.50236001610756,67.49231267124415,1.7316653179004788,22626.89722442627,0.0,29.0,0.0,2.0,0.7285714285714286,0.5739057455211878,0.5686154011636972,0.017634488351177424,0.85
centered_full_action_dqn,818,60,138.76343311241496,116.98625520549358,40.122907906770706,98.64052474370828,1.8352054757997394,23717.861055374146,0.0,36.0,20.0,0.0,0.724047619047619,0.5317504145205021,0.525978515855968,0.019239649001974612,0.85
centered_full_action_dqn,818,61,96.36761495172978,115.9972274041885,31.273629270493984,65.09398562908173,1.5037910724058747,17517.094062805176,0.0,31.0,0.0,4.0,0.7195238095238095,0.5528974160552025,0.5477601755410433,0.017124131554737687,0.85
centered_full_action_dqn,818,62,138.71761662605405,116.74065864299027,46.616660475730896,92.10095731261374,1.8907547239214182,26770.252353668213,0.0,36.0,9.0,3.0,0.7150000000000001,0.7877323692664504,0.7817017734050751,0.02010199270443991,0.85
centered_full_action_dqn,818,63,106.39495995044709,117.06981946413012,37.46660839021206,68.92835190296174,1.6667571449652314,20727.241897583008,0.0,30.0,0.0,1.0,0.7104761904761905,0.7661085557192564,0.7599069830030203,0.020671901758760214,0.85
centered_full_action_dqn,818,64,117.68636656701565,117.11358736981245,39.34058363735676,78.34578276574612,1.7514407141134143,22488.956687927246,0.0,33.0,0.0,1.0,0.7059523809523809,0.7307961918413639,0.7239170726388693,0.022930396953597665,0.85
centered_full_action_dqn,818,65,116.46220411360264,117.95868135285168,39.96121510863304,76.50098887085915,1.7400743439793587,23434.0391998291,0.0,32.0,0.0,0.0,0.7014285714285715,0.746592397801578,0.7409849027171731,0.018691675213631243,0.85
centered_full_action_dqn,818,66,107.18455147147179,117.03699040648132,38.69530315697193,68.48924865722657,1.743343597277999,22656.69524383545,0.0,29.0,0.0,1.0,0.6969047619047619,0.7019005725160241,0.6948873093351722,0.02337751619052142,0.85
centered_full_action_dqn,818,67,100.89535036981106,116.76321325254233,34.37224800884724,66.52310256958008,1.6597182489931583,20331.54461288452,0.0,28.0,0.0,2.0,0.6923809523809523,0.6132900137454271,0.6059906203299761,0.024331314023584127,0.85
centered_full_action_dqn,818,68,124.40996798872948,117.18545551326663,45.439945578575134,78.97002279758453,1.811344314366579,25185.61771774292,0.0,32.0,0.0,0.0,0.687857142857143,0.6103538954630494,0.6044547688215971,0.01966374256880954,0.85
centered_full_action_dqn,818,69,116.77044578790665,117.22224449169428,38.553525760769844,78.21692081689835,1.7557864338159561,22166.12522125244,0.0,34.0,0.0,1.0,0.6833333333333333,0.5645048767328262,0.558715995401144,0.019296251644846052,0.85
centered_full_action_dqn,818,70,99.5380713865161,117.08526117075772,35.94486676901579,63.59320515394211,1.6706160539761186,20935.653121948242,0.0,27.0,0.0,0.0,0.6788095238095238,0.9166762214154005,0.9104669634252787,0.020697519066743553,0.85
centered_full_action_dqn,818,71,120.1762781828642,114.13117219386709,42.05172084271908,78.12455707192422,1.731768555007875,23525.288932800293,0.0,33.0,0.0,1.0,0.6742857142857144,0.596134265884757,0.5886557511985302,0.024928383296355605,0.85
centered_full_action_dqn,818,72,84.24685003608465,111.87672709247184,30.774126023054123,53.47272363305092,1.514279916882515,17722.191654205322,0.0,24.0,0.0,0.0,0.6697619047619048,0.6594039276242256,0.6521972687914968,0.024022171273827553,0.85
centered_full_action_dqn,818,73,125.90244065225124,112.45684464996766,42.95617112517357,82.94626930356026,1.8139765420928597,24286.93083190918,0.0,35.0,0.0,1.0,0.6652380952380952,0.828566619195044,0.8216748274862766,0.022972644423134625,0.85
centered_full_action_dqn,818,74,125.05281484127045,113.34483376635326,39.45200426876545,85.60081070661545,1.7729718927294016,23031.629165649414,0.0,35.0,0.0,1.0,0.6607142857142857,0.7824853379279375,0.7755302060395479,0.023183786775916815,0.85
centered_full_action_dqn,818,75,128.2042931671994,114.3452798336371,45.803869262337685,82.40042406877451,1.8882915386930108,26259.055130004883,0.0,35.0,5.0,1.0,0.6561904761904762,0.5907768178731203,0.5845599714666605,0.02072282216977328,0.85
centered_full_action_dqn,818,76,107.15451310575008,113.91323076557357,38.95918484032154,68.1953275501728,1.7054108213633299,22000.72314453125,0.0,28.0,0.0,0.0,0.6516666666666667,0.6222789408639073,0.6161964638158679,0.02027490537147969,0.85
centered_full_action_dqn,818,77,94.33050976097584,113.01811747368416,35.89959807693958,58.43091129660606,1.644335376098752,20526.563400268555,0.0,26.0,0.0,2.0,0.6471428571428571,0.7230691397562623,0.7166762594133615,0.02130959730129689,0.85
centered_full_action_dqn,818,78,113.88347699642182,113.45682161685072,39.21996386349201,74.66351302862168,1.6934922896325588,22302.629634857178,0.0,31.0,0.0,1.0,0.6426190476190476,0.9634431041777134,0.95715107396245,0.020973389968276024,0.85
centered_full_action_dqn,818,79,109.07063424736262,113.56061966579398,40.114224418997765,68.95640962719918,1.721324655227363,22798.831481933594,0.0,30.0,0.0,1.0,0.6380952380952382,0.7796585503965616,0.77246362157166,0.023983084363862872,0.85
centered_full_action_dqn,818,80,98.07945604026318,111.52642081218642,38.65735238045454,59.422103801369666,1.6796998539939523,21930.824028015137,0.0,28.0,0.0,1.0,0.6335714285714286,0.8080575922504067,0.8015905553475022,0.021556788648013026,0.85
centered_full_action_dqn,818,81,109.68471241146327,112.19227568517309,37.85995077341795,71.82476098239422,1.7328370129689574,22105.078786849976,0.0,34.0,0.0,1.0,0.6290476190476191,0.7013893220573664,0.6950706327334046,0.0210623221937567,0.85
centered_full_action_dqn,818,82,111.30480910092592,110.82163530891667,37.62334709614515,73.68146233260632,1.7166996421292424,21440.93920135498,0.0,31.0,0.0,0.0,0.6245238095238095,0.7999896127730608,0.7941394010558724,0.0195006673457101,0.85
centered_full_action_dqn,818,83,101.28105994462967,110.5659403086258,35.25018811225891,66.03087165355683,1.6703970804810524,20818.00816345215,0.0,28.0,0.0,1.0,0.62,0.6147558558732271,0.6086599621921778,0.02031963993795216,0.85
centered_full_action_dqn,818,84,105.32525473833084,109.94788471719156,36.42695811390877,68.89829644560814,1.708265925757587,21528.89479446411,0.0,30.0,0.0,0.0,0.6154761904761905,0.7367243971675634,0.7301185540854931,0.022019466327037662,0.85
centered_full_action_dqn,818,85,105.26789803802967,109.3881694134129,35.91554372012615,69.35235421359539,1.6467959629371762,20702.772979736328,0.0,30.0,0.0,0.0,0.6109523809523809,0.7352365693077445,0.7283845022320747,0.02284023887477815,0.85
centered_full_action_dqn,818,86,89.954743334651,108.52667900657187,32.130788177251816,57.82395423352718,1.5779722593724728,18672.53123855591,0.0,26.0,0.0,1.0,0.6064285714285714,0.9475410878658295,0.9407297354191542,0.022704514383804053,0.85
centered_full_action_dqn,818,87,92.24365972131491,108.09409447414706,33.990996174514294,58.252663710713385,1.5731366062536836,19703.39182662964,0.0,26.0,0.0,2.0,0.6019047619047619,0.7987152505666018,0.7923475317656994,0.02122574270470068,0.85
centered_full_action_dqn,818,88,91.68926419317722,106.45805928436944,34.1157054156065,57.573559165000916,1.6288508186116815,19863.11446762085,0.0,27.0,0.0,0.0,0.5973809523809523,0.7955821454524994,0.7884065555408597,0.023918611055705696,0.85
centered_full_action_dqn,818,89,109.84389036297799,106.111731513123,39.481826052069664,70.3620642066002,1.7630802914500237,22550.908367156982,0.0,31.0,0.0,2.0,0.592857142857143,0.7378164753317833,0.7311374302953482,0.022263469989411533,0.85
centered_full_action_dqn,818,90,91.84061385840178,105.7268586367173,33.06195493787527,58.77865900993347,1.6110143782570958,19406.028594970703,0.0,27.0,0.0,1.0,0.5883333333333334,0.6589892590418458,0.652810693718493,0.020595210255123675,0.85
centered_full_action_dqn,818,91,112.83525885045529,105.35980767009684,38.619430005550385,74.215829500556,1.794162449426949,22777.115547180176,0.0,31.0,0.0,3.0,0.5838095238095238,0.6840071706101298,0.6772804008796811,0.022422566078603268,0.85
centered_full_action_dqn,818,92,86.72656061500311,105.4837931990428,32.843813106417656,53.88274759054184,1.6057935245335102,19228.79968070984,0.0,25.0,0.0,0.0,0.5792857142857144,0.8188582547008991,0.8124506678432226,0.02135859854752198,0.85
centered_full_action_dqn,818,93,108.35601160079241,104.60647174646984,35.37742454558611,72.97858684659005,1.7043707091361284,20506.14847946167,0.0,30.0,0.0,2.0,0.5747619047619048,0.965672580525279,0.9593663215637207,0.021020895917899907,0.85
centered_full_action_dqn,818,94,112.50807213783264,103.97923461129794,41.69295713305473,70.81511504948139,1.780209586955607,23833.456981658936,0.0,31.0,0.0,0.0,0.5702380952380952,0.8848247043788433,0.8783161602914333,0.02169514517299831,0.85
centered_full_action_dqn,818,95,100.97897691726685,102.6179687988013,34.44907368719578,66.529903408885,1.6369991367682815,19863.076232910156,0.0,28.0,0.0,3.0,0.5657142857142857,0.7511435486376286,0.7448201607912779,0.021077958401292562,0.85
centered_full_action_dqn,818,96,99.37734432518482,102.22911035977305,36.0176717787981,63.359672367572784,1.6251121265813708,20950.71491241455,0.0,28.0,0.0,0.0,0.5611904761904762,0.9078107979148626,0.9010853301733732,0.022418234264478087,0.85
centered_full_action_dqn,818,97,81.53584482669831,101.58937711305917,28.831373751163483,52.704471269249915,1.5116038462147117,17048.61326599121,0.0,24.0,0.0,1.0,0.5566666666666666,0.8696928415447474,0.8643040135502815,0.017962735088076442,0.85
centered_full_action_dqn,818,98,89.16061121225357,100.35323382385076,33.821549996733665,55.33906102180481,1.6411855164915323,19790.45626449585,0.0,25.0,0.0,0.0,0.5521428571428572,0.7623785370960832,0.7553156204521656,0.02354302490130067,0.85
centered_full_action_dqn,818,99,103.69125880300999,100.08426505163314,37.37622153759003,66.31503760814667,1.6700739292427897,21285.534252166748,0.0,28.0,0.0,1.0,0.5476190476190477,0.8608336169272661,0.8544888533651829,0.02114920609164983,0.85
centered_full_action_dqn,818,100,97.91033753752708,100.07580912649632,35.65928204357624,62.25105534493923,1.6731178211048245,20566.912616729736,0.0,28.0,0.0,0.0,0.5430952380952381,0.91922309063375,0.912516038864851,0.022356838337145746,0.85
centered_full_action_dqn,818,101,93.18229473382235,99.25068824261427,33.794665828347206,59.387628972530365,1.594220300205052,19591.38129043579,0.0,27.0,0.0,0.0,0.5385714285714286,1.0134380906820297,1.0069199902936816,0.021726964914705604,0.85
centered_full_action_dqn,818,102,101.69544072002172,98.77021982356906,36.93036446720362,64.76507599949836,1.6461694277822971,20491.23244857788,0.0,28.0,0.0,2.0,0.5340476190476191,1.018795222043991,1.0118453651666641,0.023166207247413695,0.85
centered_full_action_dqn,818,103,116.202569873631,99.51629532001913,39.57109963148832,76.63146985471249,1.7322276877239347,22502.120094299316,0.0,32.0,0.0,1.0,0.5295238095238095,0.9759412854909897,0.9699745792895555,0.019888984272256494,0.85
centered_full_action_dqn,818,104,100.19920544326305,99.25999285526574,36.92058019340038,63.27862496674061,1.6672730296850204,21196.09023284912,0.0,28.0,0.0,1.0,0.525,0.8740650191903114,0.8682842655107379,0.019269210461061448,0.85
centered_full_action_dqn,818,105,89.41366018354893,98.46728096254171,30.817377865314484,58.59628164768219,1.5730791771784425,18020.470455169678,0.0,25.0,0.0,0.0,0.5204761904761905,0.7429693304002285,0.7362257372587919,0.022478639846667647,0.85
centered_full_action_dqn,818,106,104.44371221363545,99.19172940649094,35.90511770546436,68.53859468698502,1.6556944698095322,20648.93985748291,0.0,30.0,0.0,3.0,0.5159523809523809,0.7976056579500437,0.7907272428274155,0.022928033024072647,0.85
centered_full_action_dqn,818,107,119.17712073922158,100.53840245738627,39.89164541661739,79.28547489047051,1.758312825113535,22829.180820465088,0.0,32.0,0.0,1.0,0.5114285714285716,0.9003773257136345,0.8941852692514658,0.020640208502300084,0.85
centered_full_action_dqn,818,108,97.89463272690773,100.84867088407279,34.100130178034306,63.79450246691704,1.6254568174481392,19588.452520370483,0.0,29.0,0.0,0.0,0.506904761904762,0.8363148681819439,0.8303496278822422,0.019884147390257567,0.85
centered_full_action_dqn,818,109,127.52662338614464,101.73280753523112,39.74553473293781,87.78108941316604,1.8706991588696837,23485.043815612793,0.0,34.0,0.0,2.0,0.5023809523809524,1.0311535149812698,1.0238412991166115,0.024374024593271315,0.85
centered_full_action_dqn,818,110,104.480895870924,102.36482163585723,35.51721069216728,68.96368520855904,1.59710662253201,20031.076126098633,0.0,30.0,0.0,1.0,0.4978571428571429,0.9287222605198622,0.9205058868974447,0.02738786640111357,0.85
centered_full_action_dqn,818,111,104.12536768615246,101.92932707764209,37.821592189371586,66.30377507209778,1.6507326699793339,21215.84561920166,0.0,30.0,0.0,0.0,0.4933333333333334,0.8719994407147169,0.8654553387314081,0.021813694504089653,0.85
centered_full_action_dqn,818,112,101.90083833038807,102.68804096341132,38.09822499752045,63.80261331796646,1.6252381037920713,21584.053325653076,0.0,27.0,0.0,0.0,0.4888095238095238,1.0004459246993065,0.9931233078241348,0.024408719560597092,0.85
centered_full_action_dqn,818,113,107.60708886384964,102.6505948265642,35.5312036126852,72.0758855342865,1.665862923488021,20167.920639038086,0.0,31.0,0.0,0.0,0.4842857142857143,1.0630672425031662,1.0558482743799686,0.02406320336740464,0.85
centered_full_action_dqn,818,114,99.03578639924527,101.97698053963484,34.76366810500622,64.27211860716343,1.6429077237844467,19683.10431289673,0.0,29.0,0.0,3.0,0.4797619047619047,0.9984382707625628,0.9924700111150742,0.019894247758202255,0.85
centered_full_action_dqn,818,115,120.7773976624012,102.96690157689154,40.18778857588768,80.58960893750191,1.787073690444231,22805.640842437744,0.0,34.0,0.0,1.0,0.47523809523809524,1.1159769482910633,1.107968619093299,0.02669440011959523,0.85
centered_full_action_dqn,818,116,101.65863150507212,103.08096593588591,33.00177390128374,68.65685825943947,1.666684159077704,19081.772216796875,0.0,31.0,0.0,1.0,0.47071428571428575,0.8685860577970743,0.8616847954690456,0.02300419646780938,0.85
centered_full_action_dqn,818,117,114.00689628720284,104.70451850891114,40.336497381329536,73.67039847373962,1.777324391528964,22941.793338775635,0.0,33.0,0.0,0.0,0.46619047619047627,1.0914274211972952,1.0842073801904917,0.024066801299341023,0.85
centered_full_action_dqn,818,118,92.83694079816341,104.88833498820664,29.388883106410503,63.44805717766285,1.5099950535222888,16712.190013885498,0.0,29.0,0.0,3.0,0.46166666666666667,1.04744035564363,1.0401350278407335,0.024351077852770686,0.85
centered_full_action_dqn,818,119,97.33745478838682,104.57064478747547,36.30881559103727,61.028639644384384,1.6407789755612612,21142.45241546631,0.0,26.0,0.0,0.0,0.4571428571428572,0.9666031748056412,0.9594425074756145,0.02386886579915881,0.85
centered_full_action_dqn,818,120,113.9424848139286,105.37225215129554,34.80533277988434,79.13715236186981,1.7254451652988791,20655.32329940796,0.0,33.0,0.0,4.0,0.4526190476190477,0.9990420360118151,0.9926991313695908,0.021143058489542454,0.85
centered_full_action_dqn,818,121,85.82607989162207,105.00444140918553,30.91773807257414,54.908342057466506,1.5265960432589054,17715.201667785645,0.0,25.0,0.0,2.0,0.4480952380952381,0.824702674522996,0.817207595333457,0.024983611539937556,0.85
centered_full_action_dqn,818,122,99.24271067380906,104.88180490687489,37.273446410894394,61.96926494836807,1.7101388992741704,21896.462509155273,0.0,26.0,0.0,1.0,0.4435714285714286,1.1256098728626966,1.118406392633915,0.024011569563299417,0.85
centered_full_action_dqn,818,123,110.71285718679428,104.60731927253308,36.43803024291992,74.274827003479,1.7282638847827911,21254.59547805786,0.0,31.0,0.0,1.0,0.439047619047619,0.9177389508113265,0.9097980773076415,0.02646958385594189,0.85
centered_full_action_dqn,818,124,105.11044854819775,104.8528814277798,38.08799325674772,67.02245562672616,1.7282332498580217,22439.145318984985,0.0,30.0,0.0,2.0,0.43452380952380953,0.9406018946319818,0.9342392608523369,0.021208761900197715,0.85
centered_full_action_dqn,818,125,88.4532934308052,104.80486309014263,29.493941843509674,58.95935185551643,1.5696362052112818,17405.2186088562,0.0,28.0,0.0,2.0,0.43000000000000005,1.1861330028623343,1.1791075337678194,0.023418204800691456,0.85
centered_full_action_dqn,818,126,113.74537890553475,105.26994642473758,36.85641431808472,76.88896452784539,1.6601497903466225,20135.74722290039,0.0,33.0,0.0,1.0,0.42547619047619056,0.8871040176600218,0.8796751759946346,0.024762802757322788,0.85
centered_full_action_dqn,818,127,85.96301925182343,103.60924135036767,30.609367460012436,55.35365188121796,1.5702465316280723,17891.568256378174,0.0,24.0,0.0,0.0,0.42095238095238097,1.2568099368363619,1.2492205053567886,0.025298105436377227,0.85
centered_full_action_dqn,818,128,81.00859435647726,102.76493943184614,32.332889534533024,48.67570513486862,1.5391750261187553,17909.84439277649,0.0,23.0,0.0,0.0,0.41642857142857137,0.9856101581826806,0.978430513292551,0.023932141775730997,0.85
centered_full_action_dqn,818,129,80.76341915130615,100.42677922010424,30.718319803476334,50.04509946703911,1.4965113559737802,17134.330326080322,0.0,24.0,0.0,0.0,0.4119047619047619,1.1486811339855194,1.1408928856253624,0.025960814207792282,0.85
centered_full_action_dqn,818,130,94.19797613024711,99.91263323307037,32.74007345736027,61.457902792096135,1.5782951125875115,18558.57880973816,0.0,27.0,0.0,2.0,0.4073809523809524,0.9742211438715458,0.9671156629920006,0.02368496119743213,0.85
centered_full_action_dqn,818,131,85.90642937421799,99.00168631747366,30.96694526076317,54.93948438167572,1.5584298642352223,17524.44223022461,0.0,24.0,0.0,1.0,0.4028571428571429,0.8597624190151691,0.8524123262614012,0.024500282830558717,0.85
centered_full_action_dqn,818,132,93.30184361040592,98.57173658147454,35.50479365885258,57.79704996645451,1.5913674430921674,19706.476642608643,0.0,26.0,0.0,3.0,0.39833333333333343,0.994818052276969,0.987536272034049,0.024272636277601123,0.85
centered_full_action_dqn,818,133,88.52266267836094,97.61751527220012,30.455189429223537,58.067472556233405,1.5344899650663137,17665.07231903076,0.0,28.0,0.0,2.0,0.39380952380952383,1.2646032236516476,1.257323481142521,0.024265753221698105,0.85
centered_full_action_dqn,818,134,111.74365522861481,98.2529087136686,38.98242326080799,72.76123159527779,1.6917860684916377,22179.53907775879,0.0,30.0,0.0,1.0,0.38928571428571423,1.0985618140548468,1.0911068879067898,0.02484971791272983,0.85
centered_full_action_dqn,818,135,105.59808665066957,97.49394316308201,36.51815643161535,69.07993087470531,1.6565931644290686,20524.181175231934,0.0,30.0,0.0,3.0,0.38476190476190475,1.0077346619218588,0.99902761913836,0.02902344416361302,0.85
centered_full_action_dqn,818,136,100.82754164338112,97.45238866999748,32.90582101792097,67.92172014117241,1.6199339367449284,18880.0665435791,0.0,30.0,0.0,2.0,0.38023809523809526,1.0557285025715828,1.0485534630715847,0.02391679590800777,0.85
centered_full_action_dqn,818,137,98.54159666895866,96.67912368908526,32.798150941729546,65.74344538450241,1.620546480640769,18897.26128387451,0.0,29.0,0.0,3.0,0.3757142857142858,1.0808564200997353,1.0733315199613571,0.0250829883152619,0.85
centered_full_action_dqn,818,138,97.22005523741245,96.8982794110477,34.57561054825783,62.64444461464882,1.6387981036677957,19578.706790924072,0.0,28.0,0.0,2.0,0.3711904761904763,0.8884455021470785,0.881420012563467,0.023418286233209074,0.85
centered_full_action_dqn,818,139,91.99380072951317,96.63109670810402,33.367899134755135,58.62590128183365,1.5816541723906994,19056.526180267334,0.0,25.0,0.0,3.0,0.3666666666666667,0.92443972453475,0.9169821590185165,0.024858549237251282,0.85
centered_full_action_dqn,818,140,114.17370914667845,96.64265792474151,40.8297029659152,73.34400701522827,1.7357223965227604,23083.802070617676,0.0,31.0,0.0,0.0,0.3621428571428572,1.1499963086098433,1.1424355544149876,0.02520253066904843,0.85
centered_full_action_dqn,818,141,97.08610986918211,97.20565942361952,33.733494751155376,63.352615028619766,1.5950073609128594,19125.61475944519,0.0,28.0,0.0,0.0,0.3576190476190476,1.0392925720661879,1.032043507322669,0.024163539172150195,0.85
centered_full_action_dqn,818,142,116.56460568606853,98.0717541742325,36.50204028189182,80.06256529986858,1.704044047743082,20648.278858184814,0.0,35.0,0.0,2.0,0.35309523809523813,1.1104605738073587,1.1024207007139921,0.026799615705385804,0.85
centered_full_action_dqn,818,143,65.95933426916599,95.83407802835107,26.558308728039265,39.40102531015873,1.4064234206452966,15095.018505096436,0.0,21.0,0.0,0.0,0.34857142857142864,1.192257259041071,1.1841173749417067,0.027132920920848846,0.85
centered_full_action_dqn,818,144,84.92908336371184,94.82500976912678,29.563532799482346,55.365550780296324,1.5026760064065456,16823.204174041748,0.0,26.0,0.0,1.0,0.34404761904761905,1.0938812550157309,1.0856429245322943,0.02746112080058083,0.85
centered_full_action_dqn,818,145,95.96182396411896,95.20043629579247,34.921864718198776,61.03995896279812,1.6451293174177408,20201.416500091553,0.0,26.0,0.0,1.0,0.33952380952380956,1.1507120076566935,1.1428465992212296,0.02621797367464751,0.85
centered_full_action_dqn,818,146,105.80315560996533,94.803325131014,35.349327966570854,70.45382755398751,1.6781940953806043,20508.38711166382,0.0,31.0,0.0,1.0,0.3350000000000001,0.979311041533947,0.9710070602595806,0.027679897961206734,0.85
centered_full_action_dqn,818,147,112.89321771264076,96.14983505405488,39.13316482305527,73.76005285978317,1.7205333821475506,22145.38171005249,0.0,32.0,0.0,0.0,0.3304761904761905,1.060138013213873,1.0523819364607334,0.025853636674582958,0.85
centered_full_action_dqn,818,148,81.45740204304457,96.17227543838324,29.799323201179504,51.65807881951332,1.5064009726047516,17198.015628814697,0.0,24.0,0.0,0.0,0.325952380952381,1.1799729950726032,1.171910097822547,0.02687634341418743,0.85
centered_full_action_dqn,818,149,99.23777018487453,97.09599299006166,33.56391930580139,65.67385065555573,1.644427090883255,19543.4842338562,0.0,29.0,0.0,0.0,0.3214285714285714,1.080250782892108,1.0707319732755423,0.03172940155491233,0.85
centered_full_action_dqn,818,150,95.41509475708008,97.1568489214033,34.89451360702515,60.520581224560736,1.6000809278339148,19704.392349243164,0.0,26.0,0.0,1.0,0.3169047619047619,1.120835056528449,1.1141026876866817,0.022441233100835234,0.85
centered_full_action_dqn,818,151,89.31029039621353,97.32704197250307,30.48515024781227,58.82514017820358,1.5607637856155634,17591.6438331604,0.0,27.0,0.0,1.0,0.3123809523809524,1.3033423349261284,1.2955261431634426,0.02605395729187876,0.85
centered_full_action_dqn,818,152,99.93264994770288,97.65858228936793,37.03752864152193,62.89512129127979,1.6932819103822112,21037.027618408203,0.0,28.0,0.0,2.0,0.30785714285714294,0.9386259615421295,0.931893065571785,0.022442991379648447,0.85
centered_full_action_dqn,818,153,87.45295117795467,97.60509671434761,30.305352941155434,57.14759781956673,1.5302254632115364,16900.607452392578,0.0,27.0,0.0,0.0,0.30333333333333345,1.1945381555706263,1.1865743324160576,0.026546098990365863,0.85
centered_full_action_dqn,818,154,77.25072849094867,95.8804503774643,28.877607963979244,48.37311978936195,1.4686475908383727,15795.162176132202,0.0,22.0,0.0,2.0,0.29880952380952375,1.1780025232583284,1.1706014815717936,0.024670145474374294,0.85
centered_full_action_dqn,818,155,94.46944385170937,95.32401823751628,33.45935793220997,61.01008544266224,1.6045524254441261,19265.178337097168,0.0,26.0,0.0,1.0,0.29428571428571426,0.8705989923328161,0.8637943724170327,0.02268207725137472,0.85
centered_full_action_dqn,818,156,76.20298241823912,94.09279027625918,27.73140611499548,48.471576273441315,1.468087412416935,15850.814767837524,0.0,23.0,0.0,0.0,0.2897619047619048,1.3215962070971727,1.314037848263979,0.025194494402967393,0.85
centered_full_action_dqn,818,157,88.23749735355378,93.57758531048896,30.22612862288952,58.01136844754219,1.5449415249750018,17274.72689819336,0.0,26.0,0.0,1.0,0.2852380952380953,1.2720486111938953,1.2640031073242426,0.026818291808012873,0.85
centered_full_action_dqn,818,158,107.32049636542797,94.08260736688973,34.91672579944134,72.4037707298994,1.6909582847729325,20473.104496002197,0.0,31.0,0.0,0.0,0.2807142857142858,1.4999068211764097,1.4906039759516716,0.03100948763312772,0.85
centered_full_action_dqn,818,159,90.22940538525582,93.99438759967686,30.72135391831398,59.50805151164532,1.5377746941521764,17024.97038269043,0.0,27.0,0.0,3.0,0.2761904761904763,1.1355977971106768,1.1261359229683876,0.031539615243673325,0.85
centered_full_action_dqn,818,160,103.33545276522636,93.45247478060425,34.16752710938454,69.16792607307434,1.6158210905268788,19053.7618598938,0.0,31.0,0.0,1.0,0.2716666666666666,1.1847873460501432,1.1770087219774723,0.025928730668965727,0.85
centered_full_action_dqn,818,161,101.41870658993722,93.669104616642,35.737449899315834,65.68125746548176,1.6312676845118403,20069.221618652344,0.0,28.0,0.0,2.0,0.2671428571428571,1.072916392236948,1.0647298227995634,0.027288551616948098,0.85
centered_full_action_dqn,818,162,95.57597490549088,92.61967307761313,31.15272356569767,64.42325150370598,1.5674966713413596,17663.142963409424,0.0,29.0,0.0,2.0,0.26261904761904764,1.242735281586647,1.2352029085159302,0.025107901892624795,0.85
centered_full_action_dqn,818,163,68.24196381419897,92.73380455486478,27.106306217610836,41.135657954216,1.4759091194719076,16071.819847106934,0.0,19.0,0.0,2.0,0.25809523809523816,1.1950258146971464,1.1869026347994804,0.0270772558869794,0.85
centered_full_action_dqn,818,164,87.43598710894585,92.85914974212648,30.392370350658894,57.0436171233654,1.536864290945232,17267.215698242188,0.0,26.0,0.0,2.0,0.25357142857142867,1.5800373367965221,1.5711600370705128,0.02959099633153528,0.85
centered_full_action_dqn,818,165,82.49777088463307,92.18594708815218,30.885731898248196,51.61203868091106,1.5426316959783435,17777.780769348145,0.0,24.0,0.0,1.0,0.24904761904761907,1.18428541906178,1.1758674420416355,0.0280598949175328,0.85
centered_full_action_dqn,818,166,103.3869469717145,92.06513665623963,36.78442748636007,66.60251930654049,1.6707062777131796,20807.893684387207,0.0,29.0,0.0,3.0,0.2445238095238096,1.3795966859906912,1.371856290847063,0.025801323703490198,0.85
centered_full_action_dqn,818,167,106.38781591653824,91.73986656643451,35.579657316207886,70.80815867483616,1.6365220779553056,19800.94687652588,0.0,30.0,0.0,1.0,0.24,1.0747593138366938,1.0651585385203362,0.03200254391413182,0.85
centered_full_action_dqn,818,168,82.76715552061796,91.80535424031318,27.986390940845013,54.780764639377594,1.4827293287962675,15982.341554641724,0.0,27.0,0.0,0.0,0.2354761904761905,1.3699126578867435,1.3623420409858227,0.02523540472611785,0.85
centered_full_action_dqn,818,169,77.6578261345625,90.72635703779757,28.13962098956108,49.51820501089096,1.4812491973862052,15749.623790740967,0.0,25.0,0.0,1.0,0.23095238095238102,1.1071411464363337,1.0988878551870584,0.02751099958550185,0.85
centered_full_action_dqn,818,170,71.78309769928455,89.54475718490781,27.884441450238228,43.89865593612194,1.4691980322822928,16234.132272720337,0.0,22.0,0.0,0.0,0.22642857142857142,1.1180892158299685,1.1107899099588394,0.024331002379767597,0.85
centered_full_action_dqn,818,171,91.53376507759094,89.65593091897668,31.42255462706089,60.111210107803345,1.5807966450229287,17977.481088638306,0.0,27.0,0.0,1.0,0.22190476190476194,1.1976122111082077,1.190785065293312,0.022757121245376766,0.85
centered_full_action_dqn,818,172,71.94642782211304,88.25661981269718,25.437113411724567,46.50931453704834,1.401870969682932,14530.634887695312,0.0,23.0,0.0,0.0,0.21738095238095245,1.0594971254467964,1.0501940343528986,0.031010311446152627,0.85
centered_full_action_dqn,818,173,82.22111245393754,87.99502787649632,27.42515704035759,54.795954966545104,1.4973196927458048,16081.830703735352,0.0,25.0,0.0,1.0,0.21285714285714286,0.960957882925868,0.953645296394825,0.02437529299641028,0.85
centered_full_action_dqn,818,174,63.26713832616806,87.2958483682573,27.22858764231205,36.03855041563511,1.432497969828546,15432.030647277832,0.0,19.0,0.0,1.0,0.20833333333333337,1.1793460883200169,1.173018543049693,0.02109179995022714,0.85
centered_full_action_dqn,818,175,76.38345555961132,86.3915489536524,29.981001168489456,46.40245458483696,1.510150651447475,17309.05994796753,0.0,23.0,0.0,1.0,0.20380952380952377,1.3583710826933384,1.3489030599594116,0.03156000329181552,0.85
centered_full_action_dqn,818,176,84.25846231281757,86.79432294838132,28.979124143719673,55.27933781147003,1.4999821949750185,16514.686389923096,0.0,26.0,0.0,2.0,0.1992857142857143,1.1065293103456497,1.0992256179451942,0.02434560435358435,0.85
centered_full_action_dqn,818,177,84.61982287615538,86.6134392245114,28.19204743206501,56.4277756601572,1.498613402247429,16039.382705688477,0.0,26.0,0.0,2.0,0.1947619047619048,1.115253809839487,1.1064925771206617,0.02920410386286676,0.85
centered_full_action_dqn,818,178,96.31629614681006,86.0632292135805,32.87185250222683,63.444443413615225,1.564653143286705,18515.186561584473,0.0,29.0,0.0,1.0,0.19023809523809532,1.2451999317854643,1.236781008541584,0.028063094126991928,0.85
centered_full_action_dqn,818,179,97.93152197599412,86.44833504311742,32.11354750394821,65.81797490417958,1.5702878758311272,18012.312957763672,0.0,30.0,0.0,1.0,0.18571428571428583,1.3391526713967323,1.3317566309124231,0.024653458793181926,0.85
centered_full_action_dqn,818,180,68.9721597597003,84.73017039284113,29.05832237750292,39.91383686065674,1.4316322952508926,15656.603271484375,0.0,21.0,0.0,1.0,0.18119047619047624,1.1652928553521633,1.1572165973484516,0.026920836186036468,0.85
centered_full_action_dqn,818,181,85.29977561682463,83.92422384418549,30.525396764278412,54.77437909841537,1.518251497298479,16772.92208480835,0.0,25.0,0.0,1.0,0.17666666666666664,1.1080140583217144,1.1002550162374973,0.025863455375656486,0.85
centered_full_action_dqn,818,182,97.21047901511193,84.00594904966655,33.707248732447624,63.503230744600295,1.6138078104704618,19001.894172668457,0.0,29.0,0.0,1.0,0.17214285714285715,1.2780744936317205,1.2701801490038633,0.026314477145206183,0.85
centered_full_action_dqn,818,183,75.93432508558035,84.39056711323562,28.253323636949062,47.68100134432316,1.4452943867072463,15723.300666809082,0.0,24.0,0.0,1.0,0.16761904761904767,1.1489093005657196,1.1408760249614716,0.026777583174407482,0.85
centered_full_action_dqn,818,184,89.22738474607468,84.48013699509205,32.28338471055031,56.94400042295456,1.556567618623376,17897.948246002197,0.0,25.0,0.0,0.0,0.16309523809523818,1.4088749699294567,1.4012630246579647,0.025373187148943543,0.85
centered_full_action_dqn,818,185,85.8808209836483,84.64928950004281,31.013763308525085,54.86705701947212,1.5632225116714835,17788.581508636475,0.0,27.0,0.0,2.0,0.1585714285714287,1.1570988185703754,1.1485929396003485,0.028352936496958137,0.85
centered_full_action_dqn,818,186,98.7927329927683,84.41957880109551,33.68478734791279,65.10794536173344,1.6272990545257926,19256.094039916992,0.0,28.0,0.0,1.0,0.1540476190476191,1.393750624731183,1.3858603611588478,0.026300881756469607,0.85
centered_full_action_dqn,818,187,70.43135997653008,82.62175600409509,27.552506983280182,42.87885370850563,1.4499884899705648,15369.318965911865,0.0,21.0,0.0,1.0,0.1495238095238095,1.3791074138134718,1.3722773976624012,0.02276675938628614,0.85
centered_full_action_dqn,818,188,102.54697249829769,83.61074685297908,33.08681849390268,69.46015402674675,1.6215314781293273,19113.88832473755,0.0,31.0,0.0,1.0,0.14500000000000002,1.2703694682568312,1.2620577458292246,0.02770569548010826,0.85
centered_full_action_dqn,818,189,73.67844459414482,83.4117777759582,27.70657004415989,45.971874371171,1.4249601047486067,15290.986644744873,0.0,22.0,0.0,1.0,0.14047619047619053,1.0164699107408524,1.0093879885971546,0.02360639115795493,0.85
centered_full_action_dqn,818,190,97.69202153384686,84.7072239676863,32.00589629262686,65.68612498044968,1.6131963236257434,18393.889303207397,0.0,29.0,0.0,0.0,0.13595238095238105,1.0636509489268064,1.0566298197954893,0.023403788567520678,0.85
centered_full_action_dqn,818,191,83.61412546038628,84.31124198682608,30.334922440350056,53.279202461242676,1.5276230117306113,16684.345184326172,0.0,25.0,0.0,0.0,0.13142857142857145,1.1691169422119856,1.1615268979221582,0.02530014282092452,0.85
centered_full_action_dqn,818,192,86.00866886973381,85.01435403920712,30.113766856491566,55.89490208029747,1.5177886886522174,17081.31981277466,0.0,25.0,0.0,1.0,0.12690476190476196,0.8833276946097612,0.874942859634757,0.02794945111963898,0.85
centered_full_action_dqn,818,193,91.49554371833801,85.47807560242714,32.56574706733227,58.92979636788368,1.5954453414306045,18553.65357208252,0.0,26.0,0.0,2.0,0.12238095238095237,1.3575809095054865,1.349879128858447,0.025672605144791305,0.85
centered_full_action_dqn,818,194,85.47216747105122,86.58832705967129,30.74680659174919,54.72536086440086,1.520792841911316,17366.62857246399,0.0,24.0,0.0,2.0,0.11785714285714288,1.3695835806429386,1.3620121981948614,0.025237955152988434,0.85
centered_full_action_dqn,818,195,81.71857967972755,86.85508326567711,29.309899859130383,52.4086796939373,1.5058350386098027,16600.328578948975,0.0,24.0,0.0,0.0,0.1133333333333334,1.412693191319704,1.403663296252489,0.030099550494924188,0.85
centered_full_action_dqn,818,196,87.89067410677671,87.03669385537506,32.6724441871047,55.218230217695236,1.5839312877506018,18887.871110916138,0.0,25.0,0.0,2.0,0.1088095238095238,1.4324172846972942,1.424325194209814,0.026973617495968938,0.85
centered_full_action_dqn,818,197,70.29323975741863,86.32036469943822,25.889296680688858,44.403943076729774,1.430940892547369,14568.636238098145,0.0,21.0,0.0,2.0,0.10428571428571431,1.4390582833439112,1.431921174749732,0.023790306877344847,0.85
centered_full_action_dqn,818,198,76.47935852408409,85.32851781830192,30.411841183900833,46.06751711666584,1.5240401085466146,17204.171285629272,0.0,21.0,0.0,0.0,0.09976190476190483,0.9841780513525009,0.9762257747352123,0.026507579837925732,0.85
centered_full_action_dqn,818,199,89.06313364207745,84.88509840160609,32.332158014178276,56.7309755384922,1.6224261745810509,18968.35200881958,0.0,25.0,0.0,0.0,0.09523809523809534,1.1863731388002634,1.1787172462791204,0.025519658345729113,0.85
centered_full_action_dqn,818,200,82.29049921035767,85.55101537413896,28.97738890349865,53.31311048567295,1.4751123497262597,15942.183212280273,0.0,26.0,0.0,1.0,0.09071428571428575,1.2200772128999233,1.2120955884456635,0.026605417137034237,0.85
centered_full_action_dqn,818,201,83.39583965539933,85.45581857606768,31.271579399704933,52.12426000237465,1.5682260058820248,17691.929328918457,0.0,23.0,0.0,2.0,0.08619047619047626,1.0986454524099827,1.0912382490932941,0.02469070826191455,0.85
centered_full_action_dqn,818,202,60.832852974534035,83.63693727403879,25.182829201221466,35.650024086236954,1.3993363827466965,14167.720275878906,0.0,19.0,0.0,1.0,0.08166666666666667,1.1343668010085821,1.1256475765258074,0.029064097441732883,0.85
centered_full_action_dqn,818,203,103.16238075643778,84.99834005758167,35.82101406902075,67.34136674702168,1.6638279156759381,19961.64785003662,0.0,30.0,0.0,2.0,0.07714285714285718,1.4204601123929024,1.412256222218275,0.027346334070898592,0.85
centered_full_action_dqn,818,204,88.94253206253052,84.98409742340446,30.87734556943178,58.065186470746994,1.5146139301359653,17203.050651550293,0.0,26.0,0.0,1.0,0.0726190476190477,1.4425451066344976,1.4344783816486597,0.026889075757935643,0.85
centered_full_action_dqn,818,205,84.35790783166885,84.90795176580548,28.093786261975765,56.264121383428574,1.4966666139662266,15733.68868637085,0.0,26.0,0.0,1.0,0.06809523809523821,1.0671989433467388,1.0590000059455633,0.027329774224199355,0.85
centered_full_action_dqn,818,206,88.89934577792883,84.41328240506351,29.878012746572495,59.02133300900459,1.5159056391566992,16972.115364074707,0.0,27.0,0.0,0.0,0.06357142857142861,0.9662191215902567,0.9574139788746834,0.029350481228902936,0.85
centered_full_action_dqn,818,207,91.24691970795394,85.45406039163471,33.62008369714022,57.62683614492416,1.6086510382592678,18910.6244430542,0.0,26.0,0.0,3.0,0.059047619047619015,1.208150152117014,1.2009398881345987,0.024034244241192937,0.85
centered_full_action_dqn,818,208,90.40303767472506,84.84686365045607,32.798954643309116,57.60408312082291,1.576694612391293,18081.436073303223,0.0,26.0,0.0,0.0,0.05452380952380953,1.2335768062621355,1.2240893933922052,0.031624700175598264,0.85
centered_full_action_dqn,818,209,81.11206419765949,85.2185446306318,29.85708498954773,51.25497891008854,1.5490613467991352,16863.70840072632,0.0,25.0,0.0,0.0,0.050000000000000044,1.265316704288125,1.2572880797088146,0.026762103312648833,0.85
centered_full_action_dqn,818,210,98.48695832490921,85.25829147018491,33.509176790714264,64.97778138518333,1.6362834675237536,19441.202264785767,0.0,29.0,0.0,0.0,0.050000000000000044,1.3279024790972471,1.3200364131480455,0.026220212457701564,0.85
centered_full_action_dqn,818,211,87.37819933891296,85.44649516411125,29.284778088331223,58.093421906232834,1.4983501648530364,16083.654071807861,0.0,26.0,0.0,1.0,0.050000000000000044,1.3989684917032719,1.3913348093628883,0.025445663079153746,0.85
centered_full_action_dqn,818,212,81.81902392208576,85.23701291672884,28.318973749876022,53.50004978477955,1.457200857810676,15826.991718292236,0.0,26.0,0.0,0.0,0.050000000000000044,1.4134260658174753,1.405981469899416,0.024815330398268998,0.85
centered_full_action_dqn,818,213,75.8983402043581,84.45715274102986,29.070930801331997,46.82740960419178,1.490324517711997,16081.16563987732,0.0,23.0,0.0,1.0,0.050000000000000044,1.427937876433134,1.4197356477379799,0.027340771513991058,0.85
centered_full_action_dqn,818,214,90.57359618842602,84.7122241768986,29.824298784136772,60.749297404289244,1.528180355206132,16962.349617004395,0.0,29.0,0.0,1.0,0.050000000000000044,1.3634925968945026,1.3544335030019283,0.030197009444236755,0.85
centered_full_action_dqn,818,215,99.71944490075111,85.61226743794978,33.5794897004962,66.13995534181595,1.6004641577601433,18950.628484725952,0.0,29.0,0.0,0.0,0.050000000000000044,1.1598547250032425,1.1526127997785807,0.024139731307514012,0.85
centered_full_action_dqn,818,216,71.4340316131711,84.7894353132695,27.46709645539522,43.96693569421768,1.4301234437152743,14991.220775604248,0.0,21.0,0.0,0.0,0.050000000000000044,1.4919272791594267,1.4848254099488258,0.0236728839809075,0.85
centered_full_action_dqn,818,217,84.03212840855122,85.47637974582612,29.56826790422201,54.46386018395424,1.4994133058935404,16673.46271133423,0.0,25.0,0.0,1.0,0.050000000000000044,1.4012971334159374,1.3931199051439762,0.027257431705947965,0.85
centered_full_action_dqn,818,218,67.81555850803852,85.04318974502385,27.361229985952377,40.45432837307453,1.461188099347055,16008.194835662842,0.0,21.0,0.0,2.0,0.050000000000000044,1.4469661079347134,1.43866778165102,0.027661100029945374,0.85
centered_full_action_dqn,818,219,87.71388827264309,84.97572747655212,30.40456084907055,57.30932727456093,1.5442863935604692,17200.419246673584,0.0,27.0,0.0,0.0,0.050000000000000044,1.291907550767064,1.2839018665254116,0.0266855995869264,0.85
centered_full_action_dqn,818,220,93.39699532985688,85.5310522825271,31.115590922534466,62.28140454888344,1.5571533916518092,17512.329418182373,0.0,28.0,0.0,1.0,0.050000000000000044,1.533709468320012,1.5252948235720396,0.028048808919265866,0.85
centered_full_action_dqn,818,221,83.68028587847948,85.5452745936811,30.64756701141596,53.032718390226364,1.5552404699847102,17444.88192176819,0.0,25.0,0.0,0.0,0.050000000000000044,1.2632049936801195,1.2550121434032917,0.02730951050762087,0.85
centered_full_action_dqn,818,222,69.14580098837614,85.9609219943732,28.40390918403864,40.741892504692075,1.4332957351580262,15517.219478607178,0.0,20.0,0.0,2.0,0.050000000000000044,1.6419988069683313,1.6334698684513569,0.02842979785054922,0.85
centered_full_action_dqn,818,223,65.25298720002175,84.06545231655241,26.572372809052467,38.68061404824257,1.4450740432366729,14986.044086456299,0.0,19.0,0.0,2.0,0.050000000000000044,1.4204619619995356,1.4131395015865564,0.02440820832271129,0.85
centered_full_action_dqn,818,224,81.38715870827437,83.6876836488396,29.85738867521286,51.52977033853531,1.469508184120059,16404.08843612671,0.0,24.0,0.0,1.0,0.050000000000000044,0.9414210096001625,0.9327727165073156,0.02882761647924781,0.85
centered_full_action_dqn,818,225,71.60103745758533,83.04984013013542,28.34767609834671,43.25336113572121,1.4671127730980515,15735.21668624878,0.0,21.0,0.0,0.0,0.050000000000000044,1.2352647483348846,1.2272554766386747,0.026697559631429613,0.85
centered_full_action_dqn,818,226,85.01428672671318,82.85558717757465,32.09207482635975,52.92221187055111,1.5514151137322187,17595.956699371338,0.0,25.0,0.0,1.0,0.050000000000000044,1.6389552298933268,1.6299218237400055,0.03011136967688799,0.85
centered_full_action_dqn,818,227,85.60628239810467,82.57355531208218,29.363312304019928,56.24297012388706,1.4992450000718236,16660.793516159058,0.0,26.0,0.0,1.0,0.050000000000000044,1.4290481191128492,1.419925905764103,0.030407281941734254,0.85
centered_full_action_dqn,818,228,89.61263979226351,82.5340354179591,31.61180079728365,58.00083890557289,1.5438511772081256,17731.958240509033,0.0,26.0,0.0,2.0,0.050000000000000044,1.3084506057202816,1.3005304150283337,0.02640056749805808,0.85
centered_full_action_dqn,818,229,83.08233275413514,82.63254884578288,29.638895705342293,53.443437525629996,1.4924194039776921,16686.32689666748,0.0,25.0,0.0,1.0,0.050000000000000044,1.4105740888044238,1.4027008842676878,0.026243977015838027,0.85
centered_full_action_dqn,818,230,75.92962183207274,81.50468202114106,29.26227494329214,46.667346680164336,1.4993427246809006,16635.202854156494,0.0,22.0,0.0,2.0,0.050000000000000044,0.9674003962427378,0.9597907718271017,0.025365448091179132,0.85
centered_full_action_dqn,818,231,91.91050400584936,81.73129725448788,32.06775014847517,59.84275394678116,1.5616959827020764,17801.64154815674,0.0,26.0,0.0,0.0,0.050000000000000044,1.6444343533366919,1.6366247916594148,0.02603184897452593,0.85
centered_full_action_dqn,818,232,86.99756552278996,81.9902243345231,28.170212358236313,58.82735347747803,1.4982195617631078,15947.821640014648,0.0,27.0,0.0,0.0,0.050000000000000044,1.0692560533061624,1.0605554236099124,0.029002100112847984,0.85
centered_full_action_dqn,818,233,79.44776335507632,82.167695492059,29.419347152113914,50.0284164711833,1.5051994882524014,16445.119941711426,0.0,22.0,0.0,1.0,0.050000000000000044,1.3850934505462646,1.377149662002921,0.02647929487284273,0.85
centered_full_action_dqn,818,234,72.50219717174768,81.26412554122507,26.494578383862972,46.00761918276548,1.420446740463376,14769.284908294678,0.0,23.0,0.0,2.0,0.050000000000000044,1.4652527775615454,1.4570377431809902,0.027383416891098022,0.85
centered_full_action_dqn,818,235,76.5992989987135,80.10811824612321,29.762537479400635,46.83676138520241,1.486033160239458,16444.912998199463,0.0,22.0,0.0,0.0,0.050000000000000044,1.1920657623559237,1.1839004401117563,0.027217733906581998,0.85
centered_full_action_dqn,818,236,70.66204023659229,80.06951867729427,27.95425719022751,42.70778319537639,1.463742713443935,15473.101123809814,0.0,21.0,0.0,2.0,0.050000000000000044,1.196251580491662,1.1870422195643187,0.030697880196385086,0.85
centered_full_action_dqn,818,237,75.35013343691826,79.6354189287126,28.474703565239906,46.87542990148067,1.4655843395739794,15587.759700775146,0.0,23.0,0.0,2.0,0.050000000000000044,1.4113748297095299,1.4032314736396074,0.02714451460633427,0.85
centered_full_action_dqn,818,238,82.33724483251572,80.36150324493647,30.430344074964523,51.90690084695816,1.5341382334008813,17032.199893951416,0.0,25.0,0.0,2.0,0.050000000000000044,1.511126944795251,1.503538928925991,0.025293358135968447,0.85
centered_full_action_dqn,818,239,63.39102243632078,79.14535995312035,25.341481313109398,38.04954110085964,1.38054855260998,14400.719997406006,0.0,21.0,0.0,0.0,0.050000000000000044,1.134156335145235,1.1248539872467518,0.0310078359907493,0.85
centered_full_action_dqn,818,240,80.6245901286602,78.50673969306052,27.299314938485622,53.32527470588684,1.4428894277662039,14929.76261138916,0.0,25.0,0.0,1.0,0.050000000000000044,1.544485542923212,1.535655863583088,0.02943233697442338,0.85
centered_full_action_dqn,818,241,80.94163941144943,78.36980736970902,29.851940855383873,51.08969921171665,1.54985885694623,17087.897903442383,0.0,24.0,0.0,3.0,0.050000000000000044,1.1682230085134506,1.1607549171894789,0.024893701309338212,0.85
centered_full_action_dqn,818,242,75.38213743269444,78.68162419192493,28.23718634992838,47.14495134353638,1.444504901766777,15651.134780883789,0.0,22.0,0.0,1.0,0.050000000000000044,1.4233530461788177,1.4164985604584217,0.02284830785356462,0.85
centered_full_action_dqn,818,243,83.57872708141804,79.59791118599475,28.7716204226017,54.80710703134537,1.4945016568526626,15933.703647613525,0.0,25.0,0.0,1.0,0.050000000000000044,1.4061366394162178,1.3985464666038752,0.02530054555973038,0.85
centered_full_action_dqn,818,244,93.36756152659655,80.19693132691086,32.68582145869732,60.681740000844,1.607784541323781,18653.936141967773,0.0,28.0,0.0,0.0,0.050000000000000044,1.613410398364067,1.6049615889787674,0.02816275041550398,0.85
centered_full_action_dqn,818,245,81.85549067854882,80.70965398795903,29.048848442733288,52.80664282441139,1.4739583479240537,15614.749965667725,0.0,24.0,0.0,1.0,0.050000000000000044,1.4573221411556005,1.4493984282016754,0.026412409963086247,0.85
centered_full_action_dqn,818,246,84.07753745466471,80.6628165243566,28.221708461642265,55.85582900047302,1.4713175343349576,15923.527351379395,0.0,25.0,0.0,0.0,0.050000000000000044,1.4481693301349878,1.4398004468530416,0.027896243729628623,0.85
centered_full_action_dqn,818,247,95.41715861856937,81.15336033537984,31.498893469572067,63.91826510429382,1.5758083248510957,17958.515670776367,0.0,28.0,0.0,1.0,0.050000000000000044,1.4627003371715546,1.454153936356306,0.028488007024861872,0.85
centered_full_action_dqn,818,248,73.10565804690123,80.32801124811172,28.395622864365578,44.71003556251526,1.461959708482027,15888.756797790527,0.0,22.0,0.0,1.0,0.050000000000000044,1.1266373880207539,1.118529412895441,0.027026565046980977,0.85
centered_full_action_dqn,818,249,87.4231514275074,80.54505218178033,31.61419826745987,55.80895301103592,1.5421878956258297,17816.809940338135,0.0,25.0,0.0,1.0,0.050000000000000044,1.2953853756189346,1.286154992878437,0.030767919728532434,0.85
centered_full_action_dqn,818,250,86.19175131618977,81.0581586559862,30.4151761084795,55.77657508850098,1.5029110219329596,16758.906646728516,0.0,26.0,0.0,1.0,0.050000000000000044,1.6016727164387703,1.5935888718813658,0.026946134516038,0.85
centered_full_action_dqn,818,251,88.48964158594609,80.88711553499104,30.985608033835888,57.504033425450324,1.5422170525416732,17480.045597076416,0.0,27.0,0.0,1.0,0.050000000000000044,1.3491739481687546,1.3410588782280684,0.027050287229940295,0.85
centered_full_action_dqn,818,252,87.01956472545862,80.88821549512447,30.347004629671574,56.672560289502144,1.542929875664413,17485.800088882446,0.0,26.0,0.0,0.0,0.050000000000000044,1.495056614279747,1.4878566898405552,0.023999790602829307,0.85
centered_full_action_dqn,818,253,90.39536691606045,81.43559567317367,30.895969703793526,59.49939680993557,1.5513940695673227,17747.393169403076,0.0,28.0,0.0,1.0,0.050000000000000044,1.311923023313284,1.304110487923026,0.026041758945211768,0.85
centered_full_action_dqn,818,254,87.24744337797165,82.17285798348487,31.114532507956028,56.13291046023369,1.5369802601635456,17132.8005027771,0.0,26.0,0.0,0.0,0.050000000000000044,1.4973575714975595,1.4876352474093437,0.032407831167802215,0.85
centered_full_action_dqn,818,255,71.09538977146148,81.89766252212226,27.33091425895691,43.76447497606277,1.4516581892967224,15052.891120910645,0.0,22.0,0.0,5.0,0.050000000000000044,1.4775056913495064,1.4700214080512524,0.02494765364099294,0.85
centered_full_action_dqn,818,256,78.6707473397255,82.29809787727892,28.69859218597412,49.97215560078621,1.482861278578639,15897.369262695312,0.0,24.0,0.0,3.0,0.050000000000000044,1.769939348101616,1.7615696769207716,0.0278988879872486,0.85
centered_full_action_dqn,818,257,82.23658205121755,82.64242030799389,28.796278543770313,53.44030314981937,1.4794184667989612,16202.81941986084,0.0,24.0,0.0,3.0,0.050000000000000044,1.171211950480938,1.1623293403536081,0.029608716256916523,0.85
centered_full_action_dqn,818,258,69.95678273141384,82.0233972029388,28.826987370848656,41.12979568839073,1.4587930217385292,16028.8422164917,0.0,19.0,0.0,2.0,0.050000000000000044,1.5622411109507084,1.5533610135316849,0.02960035391151905,0.85
centered_full_action_dqn,818,259,65.82525270581246,82.14510871641338,25.478876195847988,40.34637674093246,1.3956720335409045,14221.918029785156,0.0,21.0,0.0,3.0,0.050000000000000044,1.3776004184037447,1.3690621592104435,0.028460856643505394,0.85
centered_full_action_dqn,818,260,79.95546934753656,82.11165267735718,29.36538875848055,50.59008099138737,1.4860760318115354,16157.924320220947,0.0,24.0,0.0,0.0,0.050000000000000044,1.2743708807975054,1.265048060566187,0.031076044193468988,0.85
centered_full_action_dqn,818,261,83.65631882846355,82.24738664820791,30.12436832487583,53.53195032477379,1.535252115689218,17367.83917236328,0.0,24.0,0.0,1.0,0.050000000000000044,1.4683475010097027,1.459934413433075,0.02804361772723496,0.85
centered_full_action_dqn,818,262,85.99593690782785,82.77807662196457,30.183941833674908,55.81199559569359,1.5058350143954158,16918.929573059082,0.0,25.0,0.0,0.0,0.050000000000000044,0.9860640056431293,0.9773779883980751,0.028953357599675655,0.85
centered_full_action_dqn,818,263,75.56141595542431,82.3772110656649,28.23451977968216,47.326895743608475,1.4320633430033922,15950.740062713623,0.0,22.0,0.0,0.0,0.050000000000000044,1.4353042729198933,1.425027197226882,0.03425688738934696,0.85
centered_full_action_dqn,818,264,91.40997050851584,82.27933151476086,31.811966441571712,59.59800421595573,1.570631810463965,17963.535903930664,0.0,27.0,0.0,3.0,0.050000000000000044,1.2255573738366365,1.2154505103826523,0.03368952602613717,0.85
centered_full_action_dqn,818,265,80.39647356718778,82.2063806591928,29.031691513955593,51.36478206813335,1.467157982289791,16241.615158081055,0.0,23.0,0.0,2.0,0.050000000000000044,1.7641397453844547,1.7556038796901703,0.028452849248424172,0.85
centered_full_action_dqn,818,266,62.96072897464037,81.15054023519158,27.450696863234043,35.51003178358078,1.4388484843075275,15515.82539176941,0.0,19.0,0.0,2.0,0.050000000000000044,1.4013575371354818,1.3933220244944096,0.026785001275129616,0.85
centered_full_action_dqn,818,267,68.12046425789595,79.78570551715792,27.300948604941368,40.81951554119587,1.4257858777418733,15099.845142364502,0.0,22.0,0.0,0.0,0.050000000000000044,1.519348343834281,1.511190002784133,0.02719448448624462,0.85
centered_full_action_dqn,818,268,88.89091835916042,80.57496853277088,30.65896613895893,58.231952264904976,1.5315969167277217,17689.00954437256,0.0,25.0,0.0,0.0,0.050000000000000044,1.0469489973038435,1.0386306419968605,0.027727854787372053,0.85
centered_full_action_dqn,818,269,71.81343810260296,79.79448286652566,27.419987067580223,44.393451154232025,1.4392441278323531,15133.812553405762,0.0,22.0,0.0,1.0,0.050000000000000044,1.4344462864100933,1.4251106474548578,0.031118726590648293,0.85
centered_full_action_dqn,818,270,95.46466388702393,80.25812849506737,34.38157993555069,61.08308398127556,1.6371315261349082,19464.792419433594,0.0,27.0,0.0,1.0,0.050000000000000044,1.1800599806010723,1.171548005193472,0.02837328938767314,0.85
centered_full_action_dqn,818,271,99.10993030667305,80.78914293110373,33.44284725934267,65.66708275675774,1.5928792525082827,18457.59578704834,0.0,29.0,0.0,0.0,0.050000000000000044,1.3402785528451204,1.331864470615983,0.028046898311004043,0.85
centered_full_action_dqn,818,272,98.98169021308422,81.38724920548499,33.384413190186024,65.59727720916271,1.5904782358556986,18643.12021636963,0.0,31.0,0.0,0.0,0.050000000000000044,1.2384043466299772,1.2297650147229433,0.028797719511203468,0.85
centered_full_action_dqn,818,273,75.16073532700538,80.62551762603223,28.755484707653522,46.40525062680244,1.4626854779198766,15477.953174591064,0.0,22.0,0.0,2.0,0.050000000000000044,1.8473360855132341,1.8384606540203094,0.029584789648652077,0.85
centered_full_action_dqn,818,274,75.18967965990305,80.0226294401288,28.795503675937653,46.394175723195076,1.4800778944045305,16085.496704101562,0.0,22.0,0.0,0.0,0.050000000000000044,1.4038997702300549,1.3954014889895916,0.028327595093287528,0.85
centered_full_action_dqn,818,275,79.25808197259903,80.43076405018567,28.12286765873432,51.135214269161224,1.4415088081732392,15371.463584899902,0.0,24.0,0.0,0.0,0.050000000000000044,1.4663899391889572,1.45663832873106,0.03250532457605004,0.85
centered_full_action_dqn,818,276,91.65927091240883,81.08019022881984,32.54995262622833,59.10931804776192,1.571001036092639,18383.32692718506,0.0,28.0,0.0,1.0,0.050000000000000044,1.5499670393764973,1.5403702165931463,0.03198945056647062,0.85
centered_full_action_dqn,818,277,98.45426865816117,81.89107455916704,35.89126893877983,62.56299948096275,1.6411763774231076,19949.13144683838,0.0,28.0,0.0,2.0,0.050000000000000044,1.4015734773129225,1.3928178492933512,0.029185396735556424,0.85
centered_full_action_dqn,818,278,84.16291904449463,82.60138137482106,30.476708881556988,53.68621025979519,1.5280780848115683,17114.195699691772,0.0,25.0,0.0,0.0,0.050000000000000044,1.4811340421438217,1.472977863624692,0.02718727313913405,0.85
centered_full_action_dqn,818,279,80.22226291149855,83.32123188510538,29.633056730031967,50.589206382632256,1.485188091173768,16383.526222229004,0.0,23.0,0.0,0.0,0.050000000000000044,1.7252122983336449,1.7166270427405834,0.028617503703571856,0.85
centered_full_action_dqn,818,280,83.28815280646086,83.4878660580516,30.527731649577618,52.760421335697174,1.5463663777336478,17230.509075164795,0.0,23.0,0.0,1.0,0.050000000000000044,1.8922560848295689,1.8836993500590324,0.028522453969344497,0.85
centered_full_action_dqn,818,281,71.78951139897109,82.89452568657696,26.733667604625225,45.055843943357466,1.4266194216907024,14859.270076751709,0.0,23.0,0.0,1.0,0.050000000000000044,1.1717904452234507,1.1644359808415174,0.02451491728425026,0.85
centered_full_action_dqn,818,282,70.88295429199934,82.13887655578553,27.675081677734852,43.20787292718887,1.4460458122193813,15200.416019439697,0.0,22.0,0.0,0.0,0.050000000000000044,1.5895268190652132,1.5820792131125927,0.02482532535213977,0.85
centered_full_action_dqn,818,283,89.543029114604,82.83795721374452,31.380010455846786,58.163017973303795,1.5276416409760714,17491.759548187256,0.0,28.0,0.0,0.0,0.050000000000000044,1.4208438284695148,1.411501819267869,0.03114004770759493,0.85
centered_full_action_dqn,818,284,75.55586173385382,82.04525177501142,27.456714145839214,48.099147617816925,1.4432900603860617,15682.52596282959,0.0,23.0,0.0,0.0,0.050000000000000044,1.238253029063344,1.2301248218864202,0.02709409117233008,0.85
centered_full_action_dqn,818,285,71.21132999658585,81.58599459648131,27.992118768393993,43.2192108631134,1.4369236193597317,15099.473567962646,0.0,21.0,0.0,0.0,0.050000000000000044,1.5503123886883259,1.5413912869989872,0.029736952856183052,0.85
centered_full_action_dqn,818,286,87.97508686184884,82.83671249084175,30.374465815722942,57.60062117278576,1.4922392815351486,16946.174869537354,0.0,25.0,0.0,2.0,0.050000000000000044,1.304925438016653,1.2970896232873201,0.026119414949789643,0.85
centered_full_action_dqn,818,287,82.03663907945156,83.53252123191953,28.595033206045628,53.44160659611225,1.4870329340919852,15968.49425125122,0.0,26.0,0.0,0.0,0.050000000000000044,1.6206464804708958,1.6119647361338139,0.02893909823615104,0.85
centered_full_action_dqn,818,288,68.65503560751677,82.52072709433735,28.13080206513405,40.5242335498333,1.4416746012866497,15361.358409881592,0.0,19.0,0.0,0.0,0.050000000000000044,1.6319595165550709,1.6237227357923985,0.027455905685201287,0.85
centered_full_action_dqn,818,289,86.89592830836773,83.27485160462558,31.372987687587738,55.522940784692764,1.5468527618795633,17577.581497192383,0.0,25.0,0.0,0.0,0.050000000000000044,1.7320617996156216,1.7233002446591854,0.02920517383608967,0.85
centered_full_action_dqn,818,290,77.64978650957346,82.38410773575306,28.99328687041998,48.65649962425232,1.4783124420791864,16112.840421676636,0.0,22.0,0.0,0.0,0.050000000000000044,1.6698749978095293,1.6608858667314053,0.02996380184777081,0.85
centered_full_action_dqn,818,291,61.89958521127701,80.52359048098326,25.02439893782139,36.87518579661846,1.403876669704914,14438.683486938477,0.0,22.0,0.0,1.0,0.050000000000000044,1.5061735939234495,1.4990354049950838,0.02379392512375489,0.85
centered_full_action_dqn,818,292,82.94815839231015,79.72191388994456,30.08675990998745,52.86139894425869,1.519402427598834,16678.374061584473,0.0,24.0,0.0,3.0,0.050000000000000044,1.4291854985058308,1.4206219930201769,0.028545054839923978,0.85
centered_full_action_dqn,818,293,70.23262045681477,79.47550814643503,28.062567204236984,42.17005361020565,1.439341346733272,15723.513233184814,0.0,20.0,0.0,2.0,0.050000000000000044,1.5192213132977486,1.5122219882905483,0.023331138188950717,0.85
centered_full_action_dqn,818,294,89.3177066668868,80.18190949678421,30.961475871503353,58.35623040795326,1.5090755401179194,17279.53550338745,0.0,27.0,0.0,0.0,0.050000000000000044,1.7203400377184153,1.7120344582945108,0.027685236069373786,0.85
centered_full_action_dqn,818,295,80.00839561223984,80.21942517876626,29.583168633282185,50.425227135419846,1.4709259904921055,16130.34973526001,0.0,23.0,0.0,0.0,0.050000000000000044,1.4869699981063604,1.4784198496490717,0.02850049512926489,0.85
centered_full_action_dqn,818,296,72.56292486935854,79.26460787661374,26.698780991137028,45.86414408683777,1.4247121876105666,15157.169086456299,0.0,21.0,0.0,1.0,0.050000000000000044,1.5464805010706186,1.537251679226756,0.030762759502977133,0.85
centered_full_action_dqn,818,297,100.84143233299255,79.3839660603553,34.98995801061392,65.85147440433502,1.6369943600147963,19725.035873413086,0.0,29.0,0.0,1.0,0.050000000000000044,1.5607100892812014,1.5522363781929016,0.028245680034160614,0.85
centered_full_action_dqn,818,298,77.96812000870705,79.07422610856592,30.258975505828857,47.70914454758167,1.5241780579090118,17031.382209777832,0.0,24.0,0.0,2.0,0.050000000000000044,1.580105271190405,1.5718915965408087,0.027378922677598894,0.85
centered_full_action_dqn,818,299,84.50921488553286,79.28857370726764,30.30373203754425,54.205483347177505,1.5158999050036073,16677.575122833252,0.0,25.0,0.0,0.0,0.050000000000000044,1.6439716778695583,1.6348935961723328,0.030260302359238267,0.85
centered_full_action_dqn,818,300,76.77793504744768,78.96306281931699,29.820268489420414,46.95766691565514,1.4920908780768514,16941.292600631714,0.0,22.0,0.0,3.0,0.050000000000000044,1.781355731189251,1.773508619517088,0.026157018553931266,0.85
centered_full_action_dqn,818,301,92.34093237817288,79.99063386827707,29.894235372543335,62.44669715464115,1.5320912580937147,17237.366706848145,0.0,28.0,0.0,3.0,0.050000000000000044,1.4242581892758608,1.416100338101387,0.027192823006771505,0.85
centered_full_action_dqn,818,302,87.49660681337119,80.82131649434567,29.901064783334732,57.595542007684706,1.5051728477701545,16829.151947021484,0.0,27.0,0.0,1.0,0.050000000000000044,1.3590539116412401,1.350557167083025,0.02832248411141336,0.85
centered_full_action_dqn,818,303,81.23086301982403,80.40570818960667,31.382110603153706,49.84875209629536,1.5313514238223433,17502.375381469727,0.0,23.0,0.0,0.0,0.050000000000000044,1.212101025506854,1.2035603486001492,0.028468928881920874,0.85
centered_full_action_dqn,818,304,75.254040800035,80.39061714291573,27.232655093073845,48.02138513326645,1.4690004605799913,15238.173748016357,0.0,23.0,0.0,0.0,0.050000000000000044,1.3361438773572445,1.3273548483848572,0.0292967539280653,0.85
centered_full_action_dqn,818,305,90.5432304367423,81.35721216492354,32.27685258537531,58.266377702355385,1.5611424893140793,17893.652263641357,0.0,27.0,0.0,1.0,0.050000000000000044,1.3871774151921272,1.3787397909909487,0.028125412412919104,0.85
centered_full_action_dqn,818,306,85.58351365625859,81.23763350464404,30.034203842282295,55.54930994808674,1.527486214414239,16789.134845733643,0.0,26.0,0.0,1.0,0.050000000000000044,1.5371459051966667,1.5283017940819263,0.02948032203130424,0.85
centered_full_action_dqn,818,307,61.354015573859215,80.20350232936441,25.066298067569733,36.28771775960922,1.3765727411955595,13611.805213928223,0.0,18.0,0.0,0.0,0.050000000000000044,1.4422634206712246,1.434100991114974,0.027208090526983142,0.85
centered_full_action_dqn,818,308,90.32313269525767,81.28690718375148,30.750335223972797,59.57279703915119,1.5245483182370663,17319.79719352722,0.0,26.0,0.0,1.0,0.050000000000000044,2.0433414075523615,2.0340707823634148,0.03090203821193427,0.85
centered_full_action_dqn,818,309,66.950413800776,80.28963145837187,27.482172451913357,39.4682414829731,1.4217236451804638,14682.956466674805,0.0,21.0,0.0,0.0,0.050000000000000044,1.637627124786377,1.6286908239126205,0.029787724022753537,0.85
centered_full_action_dqn,818,310,85.19961254298687,80.66712276004255,29.746601216495037,55.45301115512848,1.4672057358548045,16218.147472381592,0.0,26.0,0.0,2.0,0.050000000000000044,1.6801204271614552,1.6719617750495672,0.027195540722459555,0.85
centered_full_action_dqn,818,311,76.24720294326544,81.38450364664196,28.571419581770897,47.67578317523002,1.499783830717206,16460.85051727295,0.0,22.0,0.0,3.0,0.050000000000000044,1.4768012966960669,1.4678046088665724,0.029988970840349793,0.85
centered_full_action_dqn,818,312,87.21269580125809,81.59773051708937,31.426481068134308,55.78621452450752,1.5323274852707982,17505.945686340332,0.0,25.0,0.0,3.0,0.050000000000000044,1.473077829927206,1.4643369279801846,0.029136345139704645,0.85
centered_full_action_dqn,818,313,73.61412228047848,81.76680560827256,26.832487300038338,46.781635189056395,1.4105186825618148,14911.992511749268,0.0,21.0,0.0,1.0,0.050000000000000044,1.718957694247365,1.7104483805596828,0.028364438796415925,0.85
centered_full_action_dqn,818,314,91.66919645965099,81.88438009791078,30.02469465136528,61.64450180828571,1.529638908803463,16860.441596984863,0.0,28.0,0.0,2.0,0.050000000000000044,1.6314215064048767,1.623634945601225,0.02595520275644958,0.85
centered_full_action_dqn,818,315,87.90988152623177,82.27945439361037,32.479099094867706,55.430782014131545,1.574342423118651,18504.884658813477,0.0,27.0,0.0,2.0,0.050000000000000044,1.6206130534410477,1.611750591546297,0.029541501658968627,0.85
centered_full_action_dqn,818,316,95.11442662775517,83.4070294815302,31.07499084621668,64.03943561017513,1.5347742894664407,17101.35285949707,0.0,29.0,0.0,0.0,0.050000000000000044,1.6573667600750923,1.6493256613612175,0.026803668937645853,0.85
centered_full_action_dqn,818,317,87.65951783955097,82.74793375685812,30.380541369318962,57.278976142406464,1.498714434914291,16982.639854431152,0.0,26.0,0.0,1.0,0.050000000000000044,1.359114896506071,1.3504390679299831,0.02891945408191532,0.85
centered_full_action_dqn,818,318,72.0213224619627,82.45059387952091,29.268516585230827,42.75280565321445,1.4676535669714212,16507.201808929443,0.0,21.0,0.0,2.0,0.050000000000000044,1.4880313035100698,1.4780757203698158,0.03318533254787326,0.85
centered_full_action_dqn,818,319,72.81400776952505,81.86583352372051,26.403716027736664,46.41029152572155,1.433285833336413,14907.428577423096,0.0,25.0,0.0,2.0,0.050000000000000044,1.702425044029951,1.692875698208809,0.03183113690465689,0.85
centered_full_action_dqn,818,320,90.80468114614487,82.56717082865536,31.97111175209284,58.83356956541538,1.5685872472822666,17903.310581207275,0.0,27.0,0.0,1.0,0.050000000000000044,1.632325293496251,1.6228090468794107,0.031720844213850796,0.85
centered_full_action_dqn,818,321,95.44037743657827,82.72214308157564,32.70744330435991,62.73293390870094,1.5858511589467525,18694.750480651855,0.0,28.0,0.0,0.0,0.050000000000000044,1.5526979435235262,1.5431175585836172,0.031934628379531205,0.85
centered_full_action_dqn,818,322,80.66194462180138,82.38040997199715,30.643182009458542,50.01876279115677,1.506788115017116,17205.513027191162,0.0,24.0,0.0,2.0,0.050000000000000044,1.5098109189420938,1.5016751922667027,0.027119128964841366,0.85
centered_full_action_dqn,818,323,68.69732063263655,81.75373285263778,26.84898119419813,41.848339557647705,1.428364866413176,15107.703670501709,0.0,20.0,0.0,0.0,0.050000000000000044,1.8537409156560898,1.8448642753064632,0.029588781530037522,0.85
centered_full_action_dqn,818,324,81.95969118922949,82.0890153720975,28.590003550052643,53.36968743801117,1.4996280251070857,16246.439025878906,0.0,26.0,0.0,2.0,0.050000000000000044,1.3213049191981554,1.3130996283143759,0.02735092758666724,0.85
centered_full_action_dqn,818,325,74.72658575326204,81.29818313792347,28.231763191521168,46.49482274055481,1.4501152317970991,15754.044464111328,0.0,23.0,0.0,1.0,0.050000000000000044,1.5582416243851185,1.5505645386874676,0.025590261328034103,0.85
centered_full_action_dqn,818,326,77.11337543576956,80.87467622689903,28.793760858476162,48.31961489021778,1.4651615200564265,15738.475326538086,0.0,22.0,0.0,3.0,0.050000000000000044,1.1553861815482378,1.1475302428007126,0.026186455856077373,0.85
centered_full_action_dqn,818,327,78.15300700068474,81.71462579824029,29.320210248231888,48.83279648423195,1.480432789772749,15965.612998962402,0.0,23.0,0.0,0.0,0.050000000000000044,1.8144982922822237,1.8057619780302048,0.02912103128619492,0.85
centered_full_action_dqn,818,328,92.49444261193275,81.82319129407406,32.433542013168335,60.06090071797371,1.5355649143457413,17567.62293624878,0.0,27.0,0.0,1.0,0.050000000000000044,1.621763225644827,1.6133237909525633,0.028131467406637967,0.85
centered_full_action_dqn,818,329,89.71158056110144,82.96124963209033,32.62661633640528,57.08496415019035,1.573671704158187,18112.01910018921,0.0,26.0,0.0,2.0,0.050000000000000044,1.8354042135179043,1.8276015780866146,0.026008789194747806,0.85
centered_full_action_dqn,818,330,87.59526112824679,83.08103206135334,31.628223970532417,55.96703720986843,1.5527239004150033,17593.8623752594,0.0,26.0,0.0,2.0,0.050000000000000044,1.6146175134927034,1.6063097454607487,0.0276925815269351,0.85
centered_full_action_dqn,818,331,100.64145730435848,84.30074477940799,32.992788799107075,67.64866757392883,1.6035695150494576,18520.269161224365,0.0,30.0,0.0,1.0,0.050000000000000044,1.5826640650629997,1.5749339126050472,0.025767171988263726,0.85
centered_full_action_dqn,818,332,85.12729458510876,84.19647471860053,30.88498828560114,54.242306649684906,1.5416016513481736,17388.11172103882,0.0,25.0,0.0,0.0,0.050000000000000044,1.6013636961579323,1.5925693027675152,0.02931464067660272,0.85
centered_full_action_dqn,818,333,87.63162568211555,84.89734988868238,32.308627516031265,55.3229985833168,1.5534971868619323,17845.818115234375,0.0,25.0,0.0,0.0,0.050000000000000044,1.6751628890633583,1.6676118485629559,0.025170076871290803,0.85
centered_full_action_dqn,818,334,77.83908083438874,84.20584410741927,27.962178222835064,49.87690287232399,1.4440897712484002,15278.972774505615,0.0,24.0,0.0,2.0,0.050000000000000044,1.4460552856326103,1.4386916644871235,0.024545433931052685,0.85
centered_full_action_dqn,818,335,74.44852927327156,83.53277649477124,27.869044966995716,46.57948508858681,1.4242093851789832,14999.811359405518,0.0,22.0,0.0,1.0,0.050000000000000044,1.472189012914896,1.4633682202547789,0.029402642510831356,0.85
centered_full_action_dqn,818,336,78.70314465612174,82.71221239618959,29.847694225609303,48.855450028181075,1.5132406847551465,16805.247226715088,0.0,24.0,0.0,1.0,0.050000000000000044,1.7272245399653912,1.7187077477574348,0.028389366576448083,0.85
centered_full_action_dqn,818,337,81.31603961586953,82.39503848500551,29.476682916283607,51.83935678899288,1.485575626604259,16291.669773101807,0.0,26.0,0.0,2.0,0.050000000000000044,1.5874430425465107,1.5796094574034214,0.02611199440434575,0.85
centered_full_action_dqn,818,338,108.77125287055969,84.23253500543537,32.13892559707165,76.63232722878456,1.5810126224532723,17907.535400390625,0.0,33.0,0.0,0.0,0.050000000000000044,1.4346457030624151,1.4267381131649017,0.026358645758591592,0.85
centered_full_action_dqn,818,339,96.67221821844578,85.42544552788141,34.75952034443617,61.9126982986927,1.6283028712496161,19565.873615264893,0.0,27.0,0.0,0.0,0.050000000000000044,1.9878327548503876,1.9792601503431797,0.02857535914517939,0.85
centered_full_action_dqn,818,340,67.26553073525429,84.24848800733686,26.270284563302994,40.99524573981762,1.4088206281885505,14713.058094024658,0.0,22.0,0.0,0.0,0.050000000000000044,1.6794155668467283,1.6703028865158558,0.030375608359463513,0.85
centered_full_action_dqn,818,341,78.33401683717966,83.39316997736692,27.7342382222414,50.59977850317955,1.4442890184000134,15666.556396484375,0.0,23.0,0.0,0.0,0.050000000000000044,1.7174972966313362,1.7073658257722855,0.03377152467146516,0.85
centered_full_action_dqn,818,342,78.19550988972188,83.26984824076297,28.517251133918762,49.67825871109962,1.4469930343329906,15508.831802368164,0.0,24.0,0.0,1.0,0.050000000000000044,1.4607326928526163,1.4523198418319225,0.02804279129486531,0.85
centered_full_action_dqn,818,343,90.32929557561874,84.35144698791207,32.92842046171427,57.40087467432022,1.555592623539269,18215.66947555542,0.0,26.0,0.0,1.0,0.050000000000000044,1.6989366803318262,1.6890299618244171,0.03302234725560993,0.85
centered_full_action_dqn,818,344,91.49900309890509,84.82841258339585,34.08633565157652,57.412667298316954,1.59704767819494,19096.190437316895,0.0,27.0,0.0,1.0,0.050000000000000044,1.4960030559450388,1.4874650835990906,0.028459893190301955,0.85
centered_full_action_dqn,818,345,71.01229106783867,84.64269784912469,28.731026999652386,42.281263867020606,1.4708082238212228,16246.936500549316,0.0,22.0,0.0,1.0,0.050000000000000044,1.5535085834562778,1.5453206561505795,0.027293083956465125,0.85
centered_full_action_dqn,818,346,73.66014672070742,84.47003641337157,28.4897318854928,45.170414969325066,1.4807444121688604,16175.04440689087,0.0,23.0,0.0,0.0,0.050000000000000044,1.5674659106880426,1.559046272188425,0.028065413236618042,0.85
centered_full_action_dqn,818,347,77.24177030473948,84.42447457857432,29.74353028833866,47.498240545392036,1.4835073128342628,16237.157070159912,0.0,22.0,0.0,1.0,0.050000000000000044,1.5641415156424046,1.5559341087937355,0.027357985149137676,0.85
centered_full_action_dqn,818,348,64.23402640968561,83.01145376846196,25.635148480534554,38.59887805581093,1.3857752736657858,14461.764591217041,0.0,19.0,0.0,0.0,0.050000000000000044,1.4762894362211227,1.4670685399323702,0.03073639702051878,0.85
centered_full_action_dqn,818,349,80.01875483989716,82.52681248240174,30.3433625549078,49.675392493605614,1.541918233036995,17146.622283935547,0.0,24.0,0.0,1.0,0.050000000000000044,1.8699206747114658,1.8616995476186275,0.02740378095768392,0.85
centered_full_action_dqn,818,350,68.79534356296062,81.58681660413743,25.656620405614376,43.138723492622375,1.3988072369247675,14340.202865600586,0.0,22.0,0.0,2.0,0.050000000000000044,1.4554321840405464,1.4469954017549753,0.02812261157669127,0.85
centered_full_action_dqn,818,351,80.4473592787981,80.57711170285941,29.109310634434223,51.33804877102375,1.4969584858044982,16273.42119216919,0.0,25.0,0.0,1.0,0.050000000000000044,1.3479036428034306,1.339119715616107,0.029279728536494076,0.85
centered_full_action_dqn,818,352,87.97345225065946,80.71941958613694,30.28888176381588,57.684570255875585,1.5311591802164912,17110.105878829956,0.0,26.0,0.0,2.0,0.050000000000000044,1.7391245625913143,1.7301754802465439,0.029830249259248376,0.85
centered_full_action_dqn,818,353,77.46690137833357,80.21118337094785,29.4152847006917,48.05161621570587,1.4816793743520975,16118.713729858398,0.0,22.0,0.0,1.0,0.050000000000000044,1.854268852621317,1.8454690165817738,0.02933278342243284,0.85
centered_full_action_dqn,818,354,92.0196688041091,80.92021276943386,32.51003434509039,59.50963501036167,1.5798820927739143,18085.09015274048,0.0,27.0,0.0,3.0,0.050000000000000044,1.9849228709936142,1.9760133139789104,0.029698524507693946,0.85
centered_full_action_dqn,818,355,89.31853720545769,81.66371316604317,32.00855980813503,57.30997705459595,1.560626918449998,17938.60051727295,0.0,25.0,0.0,1.0,0.050000000000000044,1.5457396246492863,1.537110522389412,0.028763639624230564,0.85
centered_full_action_dqn,818,356,79.63584388196469,81.71034812733532,28.923676446080208,50.71216704845428,1.480494998395443,15954.97785949707,0.0,24.0,0.0,1.0,0.050000000000000044,1.5529150441288948,1.5442636162042618,0.028838130529038608,0.85
centered_full_action_dqn,818,357,55.84942437708378,80.43701736539603,24.016361571848392,31.83306285738945,1.3894813656806946,13726.130317687988,0.0,18.0,0.0,1.0,0.050000000000000044,1.5681433882564306,1.5594450552016497,0.02899442403577268,0.85
centered_full_action_dqn,818,358,90.30919651836157,79.51391454778613,32.02591046690941,58.28328596949577,1.5424297889694571,17881.143186569214,0.0,28.0,0.0,2.0,0.050000000000000044,1.9215772897005081,1.9120794013142586,0.03165959264151752,0.85
centered_full_action_dqn,818,359,81.73384621739388,78.76699594773353,30.635561764240265,51.098284259438515,1.510279898531735,16966.30421447754,0.0,24.0,0.0,0.0,0.050000000000000044,2.0068761371076107,1.9967324081808329,0.033812482142820954,0.85
centered_full_action_dqn,818,360,68.52828123569489,78.83013347275555,26.713208243250847,41.81507288813591,1.416253576055169,14691.435554504395,0.0,21.0,0.0,2.0,0.050000000000000044,1.526344133540988,1.5178353004157543,0.02836277720052749,0.85
centered_full_action_dqn,818,361,80.67680239677429,78.94727275073528,29.783395662903786,50.893406838178635,1.5125128291547298,16748.031925201416,0.0,23.0,0.0,0.0,0.050000000000000044,1.731441168114543,1.7229161709547043,0.02841663360595703,0.85
centered_full_action_dqn,818,362,69.8244143664837,78.52871797457338,25.448245964944363,44.37616808116436,1.395692060701549,14318.08268737793,0.0,21.0,0.0,1.0,0.050000000000000044,1.5034093484282494,1.4953721761703491,0.026790592004545033,0.85
centered_full_action_dqn,818,363,65.10448734015226,77.26747756280005,25.258895985782146,39.84559129476547,1.390644259750843,14067.042663574219,0.0,19.0,0.0,2.0,0.050000000000000044,1.4944578260183334,1.4853538256138563,0.030346701736561954,0.85
centered_full_action_dqn,818,364,66.43306264281273,76.01418053999542,28.300385408103466,38.1326769888401,1.4852260584011674,15910.384754180908,0.0,20.0,0.0,0.0,0.050000000000000044,1.6672394126653671,1.6567361876368523,0.03501078800763935,0.85
centered_full_action_dqn,818,365,86.56610006988049,76.79187099009752,30.685158237814903,55.880941504240035,1.5293464669957757,17088.811042785645,0.0,24.0,0.0,2.0,0.050000000000000044,1.602242600172758,1.5938939023762941,0.027828949154354632,0.85
centered_full_action_dqn,818,366,83.46959974616766,77.28234364137055,30.8072906807065,52.662309139966965,1.5292294286191463,17475.966972351074,0.0,24.0,0.0,1.0,0.050000000000000044,1.6336525306105614,1.6243717148900032,0.030936037306673825,0.85
centered_full_action_dqn,818,367,86.40073101222515,77.74029167674482,30.5311429053545,55.86958831548691,1.5230520507320762,17565.515800476074,0.0,25.0,0.0,1.0,0.050000000000000044,1.5439732149243355,1.5352146849036217,0.029195148847065866,0.85
centered_full_action_dqn,818,368,87.94878422617913,78.9260295675695,30.598516680300236,57.35026710629463,1.507758079096675,17177.089588165283,0.0,27.0,0.0,1.0,0.050000000000000044,1.8910468015819788,1.8822867572307587,0.02920014620758593,0.85
centered_full_action_dqn,818,369,93.62954294681549,79.60656897291543,33.151316717267036,60.478226348757744,1.5823832461610436,18536.84610748291,0.0,26.0,0.0,1.0,0.050000000000000044,1.339380057528615,1.3315056003630161,0.026248197071254253,0.85
centered_full_action_dqn,818,370,86.7318545281887,80.50339452117683,31.359985694289207,55.37186934053898,1.5360582564026117,17210.79150390625,0.0,25.0,0.0,1.0,0.050000000000000044,1.8960719164460897,1.8870247546583414,0.030157216009683907,0.85
centered_full_action_dqn,818,371,79.55227036178113,80.45864007532597,28.40482234954834,51.14744814634323,1.4817646872252226,16123.685459136963,0.0,24.0,0.0,1.0,0.050000000000000044,1.7694676276296377,1.7612734828144312,0.02731380145996809,0.85
centered_full_action_dqn,818,372,83.3046954125166,80.22520223341883,31.029877185821533,52.27481870353222,1.5313596362248063,17408.723266601562,0.0,23.0,0.0,1.0,0.050000000000000044,1.4071418959647417,1.3988065347075462,0.02778455533552915,0.85
centered_full_action_dqn,818,373,90.72925372421741,80.88831985071303,32.73858292400837,57.990670904517174,1.5811708280816674,18580.479984283447,0.0,28.0,0.0,0.0,0.050000000000000044,1.8609513752162457,1.8530534841120243,0.02632629359140992,0.85
centered_full_action_dqn,818,374,81.71544447541237,80.37310863427818,29.891577698290348,51.82386654615402,1.4986042566597462,16553.00798034668,0.0,24.0,0.0,0.0,0.050000000000000044,1.7203976307064295,1.7119118478149176,0.02828597533516586,0.85
centered_full_action_dqn,818,375,72.21468904018403,79.5179162260145,28.992855116724968,43.22183419167995,1.4501595292240381,16301.582843780518,0.0,19.0,0.0,1.0,0.050000000000000044,1.5844189058989286,1.57523007504642,0.03062941017560661,0.85
centered_full_action_dqn,818,376,57.64381214231253,78.41831463903188,26.204125583171844,31.439686715602875,1.3898205356672406,14551.12043762207,0.0,19.0,0.0,0.0,0.050000000000000044,1.7694428451359272,1.7592240162193775,0.03406281920615584,0.85
centered_full_action_dqn,818,377,74.27543340027333,79.33961509019137,28.974636495113373,45.300796979665755,1.4829334504902363,16150.318531036377,0.0,23.0,0.0,1.0,0.050000000000000044,1.8344663958996534,1.8240068666636944,0.03486507444176823,0.85
centered_full_action_dqn,818,378,77.68792052567005,78.7085512905568,29.712488017976284,47.97543314099312,1.4831178467720747,16654.057456970215,0.0,24.0,0.0,0.0,0.050000000000000044,2.023014849051833,2.0119386091828346,0.036920882877893746,0.85
centered_full_action_dqn,818,379,86.37287011146546,78.94050248526038,32.73934045433998,53.63352886736393,1.55133156478405,18262.19069290161,0.0,24.0,0.0,1.0,0.050000000000000044,1.6572428792715073,1.648005697876215,0.030790679738856852,0.85
centered_full_action_dqn,818,380,88.75096303522587,79.95163657523692,29.186832919716835,59.56413008570671,1.4984853835776448,16628.584520339966,0.0,26.0,0.0,3.0,0.050000000000000044,1.43183490075171,1.4240427445620298,0.025973847485147417,0.85
centered_full_action_dqn,818,381,78.43915114700795,79.83975401274861,27.968772374093533,50.47037933170795,1.4620885960757732,15839.490558624268,0.0,24.0,0.0,1.0,0.050000000000000044,1.7037415616214275,1.695742815732956,0.026662475080229342,0.85
centered_full_action_dqn,818,382,81.34341930747033,80.41570425979793,28.766494572162628,52.5769246160984,1.4968707170337439,16350.1068649292,0.0,23.0,0.0,2.0,0.050000000000000044,1.7316414285451174,1.7229660861194134,0.02891784335952252,0.85
centered_full_action_dqn,818,383,86.59036058932543,81.4899979222566,28.910836838185787,57.679523944854736,1.4621678870171309,16084.21211051941,0.0,27.0,0.0,0.0,0.050000000000000044,2.017507530748844,2.008180968463421,0.031088623800314963,0.85
centered_full_action_dqn,818,384,80.8924006164074,82.21296482093634,28.96538895368576,51.927011945843695,1.4847813909873366,16298.4495677948,0.0,25.0,0.0,5.0,0.050000000000000044,1.8703473284840584,1.861588342115283,0.02919664012733847,0.85
centered_full_action_dqn,818,385,67.69140440374613,81.26923003762963,26.20056676119566,41.49083703160286,1.4112392757087946,14475.383750915527,0.0,21.0,0.0,1.0,0.050000000000000044,2.091667702421546,2.0818012822419405,0.032888087327592075,0.85
centered_full_action_dqn,818,386,71.26303910464048,80.65890200555326,27.459786795079708,43.803252547979355,1.4299698062241077,15327.189373016357,0.0,22.0,0.0,1.0,0.050000000000000044,1.8498272951692343,1.8415828421711922,0.02748156141024083,0.85
centered_full_action_dqn,818,387,68.9293755069375,79.78533423028887,27.502224139869213,41.42715123295784,1.4323183046653867,15111.647727966309,0.0,21.0,0.0,0.0,0.050000000000000044,1.5507470853626728,1.5414843633770943,0.03087572380900383,0.85
centered_full_action_dqn,818,388,78.58203250467777,79.31699664421379,28.95325032621622,49.62878184318542,1.4811811465770006,16040.64344406128,0.0,23.0,0.0,2.0,0.050000000000000044,1.7825782094150782,1.7744974978268147,0.02693572035059333,0.85
centered_full_action_dqn,818,389,63.66840902119875,77.81893994793296,25.72194441407919,37.94646465182304,1.3891670955345035,14009.959205627441,0.0,19.0,0.0,1.0,0.050000000000000044,2.0261450596153736,2.0161569733172655,0.03329354536253959,0.85
centered_full_action_dqn,818,390,84.85449195206165,77.72507181912661,28.73808591067791,56.11640589237213,1.4699315959587693,15874.970645904541,0.0,27.0,0.0,3.0,0.050000000000000044,2.0131512712687254,2.0045536439865828,0.02865877898875624,0.85
centered_full_action_dqn,818,391,78.53317371755838,77.67411698691546,28.200138472020626,50.3330352306366,1.4557444676756859,15902.157386779785,0.0,23.0,0.0,2.0,0.050000000000000044,1.537740234285593,1.530171949416399,0.02522763260640204,0.85
centered_full_action_dqn,818,392,72.84156696647406,77.15096056461336,27.261358447372913,45.580208429694174,1.431615138426423,14761.786972045898,0.0,22.0,0.0,1.0,0.050000000000000044,1.6543986331671476,1.645992137491703,0.028021656326018274,0.85
centered_full_action_dqn,818,393,88.5934903100133,77.04417239390314,30.573486514389515,58.02000340819359,1.5293700695037842,17656.66624069214,0.0,28.0,0.0,1.0,0.050000000000000044,1.8444473594427109,1.8360258154571056,0.028071849956177175,0.85
centered_full_action_dqn,818,394,69.92403841763735,76.45460209101438,28.655968002974987,41.26807016134262,1.4594936519861221,16005.285900115967,0.0,21.0,0.0,0.0,0.050000000000000044,1.6183337569236755,1.6096950843930244,0.02879556710831821,0.85
centered_full_action_dqn,818,395,79.41979494094849,76.81485738605261,27.85712130367756,51.5626735329628,1.4985223421826959,16147.58960533142,0.0,24.0,0.0,1.0,0.050000000000000044,1.8970659114420414,1.8889609575271606,0.027016522421035916,0.85
centered_full_action_dqn,818,396,98.76241859793663,78.87078770883382,34.64185508340597,64.12056347727776,1.62223160546273,19733.197505950928,0.0,28.0,0.0,0.0,0.050000000000000044,1.6342481840401888,1.625710017979145,0.028460485278628767,0.85
centered_full_action_dqn,818,397,91.5023940205574,79.73213573984802,30.98795296996832,60.51444053649902,1.513117991387844,17062.721504211426,0.0,27.0,0.0,0.0,0.050000000000000044,1.7680253088474274,1.7591874822974205,0.029459404293447733,0.85
centered_full_action_dqn,818,398,71.92235568165779,79.44385749764741,28.454025834798813,43.46832951903343,1.4546836782246828,15823.194370269775,0.0,22.0,0.0,2.0,0.050000000000000044,1.9412753097712994,1.9329294115304947,0.02781974954996258,0.85
centered_full_action_dqn,818,399,89.93906503915787,79.62216724403201,31.80270318686962,58.1363619863987,1.582564851269126,18395.877601623535,0.0,27.0,0.0,1.0,0.050000000000000044,1.668445561081171,1.65989994071424,0.028485421964433044,0.85
centered_full_action_dqn,818,400,89.02668319642544,79.63595325209201,30.6479719504714,58.37871111929417,1.5076446738094091,17125.25562286377,0.0,27.0,0.0,1.0,0.050000000000000044,2.1539652347564697,2.1460333056747913,0.026439772685989738,0.85
centered_full_action_dqn,818,401,89.24045868217945,80.17601862885058,29.9575459882617,59.28291313350201,1.5128651894629002,16822.80148124695,0.0,28.0,0.0,0.0,0.050000000000000044,1.6947897896170616,1.6865149661898613,0.02758275589440018,0.85
centered_full_action_dqn,818,402,76.02324301749468,79.91000981435181,28.740858636796474,47.28238454461098,1.4987121876329184,16423.31918334961,0.0,22.0,0.0,1.0,0.050000000000000044,1.9470437411218882,1.937054118141532,0.03329877112992108,0.85
centered_full_action_dqn,818,403,86.28104143589735,79.89454385668039,31.680662654340267,54.60037834942341,1.541911250911653,17638.30419921875,0.0,25.0,0.0,0.0,0.050000000000000044,1.8912968467921019,1.883025148883462,0.027572369435802102,0.85
centered_full_action_dqn,818,404,84.95023790150881,80.09743572093547,30.41750466823578,54.53273271918297,1.507705426774919,16811.938110351562,0.0,24.0,0.0,2.0,0.050000000000000044,1.776296565309167,1.767131146043539,0.030551410629414022,0.85
centered_full_action_dqn,818,405,90.62802184522153,81.24426659300926,31.605604700744152,59.02241694331169,1.5614788113161922,17925.410524368286,0.0,26.0,0.0,3.0,0.050000000000000044,1.8945365995168686,1.8851207438856363,0.031386059359647334,0.85
centered_full_action_dqn,818,406,82.56336856037379,81.80928306579592,28.40869250893593,54.15467637181282,1.481989860534668,16502.234397888184,0.0,26.0,0.0,1.0,0.050000000000000044,1.98764992877841,1.978705931454897,0.029813326778821647,0.85
centered_full_action_dqn,818,407,94.53695378601552,83.08966197974982,33.86227086186409,60.67468293905258,1.5968256099149585,18782.387607574463,0.0,27.0,0.0,1.0,0.050000000000000044,1.6899569630622864,1.6804694198071957,0.031625121482647955,0.85
centered_full_action_dqn,818,408,94.26140400916339,83.8736305549741,33.464070208370686,60.797333443164824,1.6166657535359263,18934.143688201904,0.0,27.0,0.0,2.0,0.050000000000000044,1.730755778029561,1.7209366243332624,0.032730514532886446,0.85
centered_full_action_dqn,818,409,77.18367567807437,84.54939388781789,28.36980602145195,48.813869857788085,1.465552506968379,15648.911340713501,0.0,22.0,0.0,2.0,0.050000000000000044,2.2055699229240417,2.197199821472168,0.027900342480279505,0.85
centered_full_action_dqn,818,410,91.0476900935173,84.85905379489066,29.67426371574402,61.37342628836632,1.5324225015938282,16887.629402160645,0.0,29.0,0.0,1.0,0.050000000000000044,1.5749772675335407,1.566019982099533,0.029857599001843482,0.85
centered_full_action_dqn,818,411,84.83005208522081,85.17389771327377,31.25791945308447,53.57213231921196,1.5367730325087905,17790.010906219482,0.0,24.0,0.0,2.0,0.050000000000000044,1.2979584764689207,1.288765611127019,0.03064288990572095,0.85
centered_full_action_dqn,818,412,74.27509921938181,85.24557432591916,26.814857937395573,47.460241535305975,1.4203110374510288,15293.613735198975,0.0,22.0,0.0,1.0,0.050000000000000044,1.8529912773519754,1.8447011075913906,0.027633872698061168,0.85
centered_full_action_dqn,818,413,73.31329070925713,84.48156434588137,28.919258683919907,44.39403205513954,1.4755600430071354,16070.484195709229,0.0,22.0,0.0,1.0,0.050000000000000044,1.9017383717000484,1.893315900117159,0.028074932051822543,0.85
centered_full_action_dqn,818,414,82.87552177459001,85.12913851372899,30.045142322778702,52.83037967532873,1.5032954076305032,16768.893844604492,0.0,23.0,0.0,2.0,0.050000000000000044,1.9852950535714626,1.9759492687880993,0.03115269436966628,0.85
centered_full_action_dqn,818,415,89.845534324646,85.65042548291386,31.240443743765354,58.605090111494064,1.5368420826271176,17707.659240722656,0.0,28.0,0.0,0.0,0.050000000000000044,1.7334377393126488,1.723710821941495,0.03242297004908323,0.85
centered_full_action_dqn,818,416,83.34755691885948,84.87968239896,28.588567413389683,54.758989691734314,1.4606240428984165,15923.371757507324,0.0,25.0,0.0,0.0,0.050000000000000044,1.4545184075832367,1.4457210451364517,0.029324489762075245,0.85
centered_full_action_dqn,818,417,65.05442541390657,83.55728396862744,26.364651076495647,38.689773726463315,1.4335822788998485,14995.741477966309,0.0,20.0,0.0,3.0,0.050000000000000044,1.5857394933700562,1.5776149611920118,0.027081819367595017,0.85
centered_full_action_dqn,818,418,74.34029710292816,83.67818103969097,29.222729355096817,45.117568373680115,1.4722014339640737,16542.169540405273,0.0,21.0,0.0,0.0,0.050000000000000044,2.2404622975736856,2.231974806636572,0.02829167526215315,0.85
centered_full_action_dqn,818,419,60.28527885824442,82.1954917306453,25.714409820735455,34.5708687543869,1.3926326325163245,14196.751216888428,0.0,17.0,0.0,1.0,0.050000000000000044,1.7256732657551765,1.7167801316827536,0.029643784393556416,0.85
centered_full_action_dqn,818,420,90.75336094200611,82.28182561792434,29.958998531103134,60.79436254501343,1.5614985479041934,17144.049264907837,0.0,27.0,0.0,1.0,0.050000000000000044,1.3444159384816885,1.3343053981661797,0.03370180691126734,0.85
centered_full_action_dqn,818,421,87.47797472774982,82.19370142020287,31.76455257087946,55.71342274546623,1.5461189299821854,17645.558324813843,0.0,26.0,0.0,0.0,0.050000000000000044,1.5286714565008879,1.5178939402103424,0.03592506586574018,0.85
centered_full_action_dqn,818,422,77.88470364362001,82.28677445150912,29.54947968572378,48.335224241018295,1.4996135756373405,16234.211853027344,0.0,23.0,0.0,2.0,0.050000000000000044,2.32463033311069,2.3154319413006306,0.03066128247883171,0.85
centered_full_action_dqn,818,423,93.52364073693752,82.64890441656112,32.24973177909851,61.27390867471695,1.5838361978530884,18758.35685157776,0.0,28.0,0.0,0.0,0.050000000000000044,1.903994619846344,1.8957485295832157,0.027486962149851024,0.85
centered_full_action_dqn,818,424,83.47451435178519,82.57511823907495,28.857617050409317,54.61689702570438,1.4794040387496352,16382.451053619385,0.0,25.0,0.0,3.0,0.050000000000000044,1.6441701911389828,1.6360189858824015,0.027170688030309975,0.85
centered_full_action_dqn,818,425,95.33170920610428,82.8103026071191,32.550911262631416,62.78079801797867,1.5691857747733593,18155.233852386475,0.0,29.0,0.0,2.0,0.050000000000000044,1.6797215603291988,1.6713301036506891,0.02797144919168204,0.85
centered_full_action_dqn,818,426,97.05633138865232,83.53495074853302,32.25226589292288,64.8040652424097,1.594368983991444,18247.243171691895,0.0,29.0,0.0,0.0,0.050000000000000044,1.8092195633798838,1.8001980669796467,0.030071639572270215,0.85
centered_full_action_dqn,818,427,99.26112095564604,83.77115910701454,33.380223244428635,65.8808977112174,1.608311727643013,18826.65595626831,0.0,29.0,0.0,2.0,0.050000000000000044,1.9586916845291853,1.9503609277307987,0.02776920353062451,0.85
centered_full_action_dqn,818,428,79.29318580329418,83.02274819672107,28.000456139445305,51.29273002147674,1.4814275298267603,15990.934783935547,0.0,24.0,0.0,2.0,0.050000000000000044,1.9939903914928436,1.983682431280613,0.03435983182862401,0.85
centered_full_action_dqn,818,429,86.03570811450481,83.46534981854259,30.40359416604042,55.632113724946976,1.5183788361027837,16857.323608398438,0.0,26.0,0.0,0.0,0.050000000000000044,1.6277947425842285,1.6190597247332335,0.029116751276887953,0.85
centered_full_action_dqn,818,430,77.21139407902956,82.7735350178182,27.506767965853214,49.70462614297867,1.4448521742597222,15431.618621826172,0.0,23.0,0.0,1.0,0.050000000000000044,1.8923637494444847,1.8842762261629105,0.026958428556099534,0.85
centered_full_action_dqn,818,431,88.91354050636292,82.97770943887532,30.309155508875847,58.60438519120216,1.5248796753585339,16832.558738708496,0.0,26.0,0.0,1.0,0.050000000000000044,1.7827046811580658,1.7742195818573236,0.02828372223302722,0.85
centered_full_action_dqn,818,432,95.66120858639479,84.04701490722599,31.82948311418295,63.831725591421126,1.5765411080792546,17925.010013580322,0.0,29.0,0.0,1.0,0.050000000000000044,1.5366783551871777,1.5280267149209976,0.02883881574962288,0.85
centered_full_action_dqn,818,433,90.56426145285369,84.9095634444058,31.350069001317024,59.21419238448143,1.5798569712787867,17855.990745544434,0.0,27.0,0.0,1.0,0.050000000000000044,1.6324115712195635,1.623549910262227,0.029538881964981556,0.85
centered_full_action_dqn,818,434,86.7042818069458,85.1010014460236,33.59577830135822,53.10850375890732,1.554554158821702,18948.083415985107,0.0,24.0,0.0,0.0,0.050000000000000044,2.1628373339772224,2.1527109667658806,0.033754575764760375,0.85
centered_full_action_dqn,818,435,85.3339930921793,84.87542438440026,29.77633038163185,55.55766259133816,1.4998834263533354,16606.276527404785,0.0,28.0,0.0,0.0,0.050000000000000044,2.0313280541449785,2.021210929378867,0.03372367471456528,0.85
centered_full_action_dqn,818,436,73.7294534444809,84.39451921068132,27.957003384828568,45.77245017886162,1.4398901592940092,16008.269535064697,0.0,21.0,0.0,1.0,0.050000000000000044,1.9063414745032787,1.895767666399479,0.03524608095176518,0.85
centered_full_action_dqn,818,437,78.32883812636138,85.05823984630406,29.605584479868412,48.7232537060976,1.4753750944510102,16607.330493927002,0.0,23.0,0.0,1.0,0.050000000000000044,1.7125446368008852,1.7030463740229607,0.031660856562666595,0.85
centered_full_action_dqn,818,438,85.27170394361019,85.60481018833816,28.879152864217758,56.39255087077618,1.5003111995756626,16535.484775543213,0.0,27.0,0.0,0.0,0.050000000000000044,1.6921225264668465,1.6827253587543964,0.03132389532402158,0.85
centered_full_action_dqn,818,439,85.50491344928741,86.86579191789032,31.18268197774887,54.32223129272461,1.5408099321648479,17620.83853149414,0.0,25.0,0.0,1.0,0.050000000000000044,1.8505449071526527,1.8418733216822147,0.028905284125357866,0.85
centered_full_action_dqn,818,440,85.04034326970577,86.5801410342753,30.418256625533104,54.62208668887615,1.5395383713766932,17109.16742706299,0.0,27.0,0.0,1.0,0.050000000000000044,1.7555864918977022,1.7469149976968765,0.028904985985718668,0.85
centered_full_action_dqn,818,441,104.00260619223118,87.40637260749936,35.301969066262245,68.70063715577126,1.6458654440939426,20071.294036865234,0.0,29.0,0.0,1.0,0.050000000000000044,1.6589587088674307,1.6499156393110752,0.030143611365929246,0.85
centered_full_action_dqn,818,442,81.80248706042767,87.60226177833974,30.745114788413048,51.057372480630875,1.5229470655322075,17384.50131225586,0.0,23.0,0.0,0.0,0.050000000000000044,1.5587898660451174,1.5507216434925795,0.026894046342931688,0.85
centered_full_action_dqn,818,443,87.44920977950096,87.29854023046792,31.067357264459133,56.381852462887764,1.550258168950677,17605.78813934326,0.0,27.0,0.0,1.0,0.050000000000000044,1.7680623065680265,1.7604936473071575,0.025228869169950485,0.85
centered_full_action_dqn,818,444,67.2647235095501,86.48805068835617,28.2845121845603,38.9802111685276,1.436550839804113,15945.545951843262,0.0,21.0,0.0,0.0,0.050000000000000044,1.9325969982892275,1.9229579716920853,0.03213001473341137,0.85
centered_full_action_dqn,818,445,78.44408180713654,85.64366931840777,29.352266006171703,49.091816359758376,1.4926443928852677,16626.030208587646,0.0,24.0,0.0,1.0,0.050000000000000044,1.3913055211305618,1.3830899465829134,0.027385216089896858,0.85
centered_full_action_dqn,818,446,95.17383365482092,85.54954443171621,32.73691218346357,62.43692130744457,1.6164241125807166,18383.919860839844,0.0,30.0,0.0,2.0,0.050000000000000044,1.7443727813661098,1.7347911782562733,0.031938637839630246,0.85
centered_full_action_dqn,818,447,72.46469952315093,84.20972336009147,28.510561011731625,43.95413846671581,1.4481920404359698,15771.674949645996,0.0,20.0,0.0,1.0,0.050000000000000044,1.480701407417655,1.4721086490899324,0.02864249562844634,0.85
centered_full_action_dqn,818,448,80.34594920277596,84.26236153006555,29.36857768893242,50.97737164795399,1.5118423774838448,16861.313850402832,0.0,24.0,0.0,1.0,0.050000000000000044,1.5699802450835705,1.562063591554761,0.026388867059722543,0.85
centered_full_action_dqn,818,449,68.35225422680378,83.3781888356805,26.4891260266304,41.86312806606293,1.4185851635411382,14789.262420654297,0.0,20.0,0.0,1.0,0.050000000000000044,1.6418062094599009,1.6337169595062733,0.026964147808030248,0.85
centered_full_action_dqn,818,450,75.66434071362019,83.30083616741004,27.944490164518356,47.71985072791576,1.448319231159985,15642.1176071167,0.0,22.0,0.0,1.0,0.050000000000000044,1.3827817719429731,1.3743362035602331,0.028151874779723585,0.85
centered_full_action_dqn,818,451,82.7746773660183,82.9938930103928,30.365763440728188,52.40891373157501,1.515641645528376,17278.218076705933,0.0,25.0,0.0,0.0,0.050000000000000044,1.2668431475758553,1.2575047183781862,0.031128091970458627,0.85
centered_full_action_dqn,818,452,79.27809751927853,82.17473745703698,27.628820650279522,51.64927657842636,1.4342558849602938,15115.398006439209,0.0,26.0,0.0,2.0,0.050000000000000044,1.8108515944331884,1.8018725756555796,0.029929999029263854,0.85
centered_full_action_dqn,818,453,89.46680876910686,82.11986482284964,29.86195831000805,59.60485041439533,1.4943415457382798,16758.254161834717,0.0,28.0,0.0,4.0,0.050000000000000044,1.8492674678564072,1.8398843351751566,0.0312771009048447,0.85
centered_full_action_dqn,818,454,67.68739822655917,81.16902064383031,26.654843844473362,41.032554456591605,1.429172407835722,14944.965351104736,0.0,21.0,0.0,1.0,0.050000000000000044,1.4481847397983074,1.4403083361685276,0.026254692464135587,0.85
centered_full_action_dqn,818,455,79.83701020628214,80.89417149953546,28.16368182748556,51.67332851290703,1.4464614233002067,15310.88412475586,0.0,24.0,0.0,2.0,0.050000000000000044,1.6097468715161085,1.6015844568610191,0.02720802475232631,0.85
centered_full_action_dqn,818,456,82.08723011612892,81.31206033311786,30.827045425772667,51.26018497347832,1.5161757776513696,17534.128675460815,0.0,23.0,0.0,0.0,0.050000000000000044,1.8382276948541403,1.8294399604201317,0.02929247554857284,0.85
centered_full_action_dqn,818,457,73.89178325980902,81.09020758979024,27.490919642150402,46.400863736867905,1.4665505131706595,16064.348846435547,0.0,23.0,0.0,0.0,0.050000000000000044,1.6048129871487617,1.5948852114379406,0.03309260122478008,0.85
centered_full_action_dqn,818,458,86.0377536058426,81.12851007290185,29.74671269953251,56.29104044437408,1.496559320949018,16813.005241394043,0.0,25.0,0.0,1.0,0.050000000000000044,1.9055391419678926,1.896376583725214,0.030541850836016238,0.85
centered_full_action_dqn,818,459,71.89071455001832,80.4478001279384,29.597807466983795,42.292906606197356,1.4537748005241156,16131.55379486084,0.0,21.0,0.0,1.0,0.050000000000000044,1.486870052292943,1.4785007778555155,0.027897574938833714,0.85
centered_full_action_dqn,818,460,89.33097530305386,80.66233172960581,31.56548573076725,57.7654900342226,1.5290279909968376,17167.094451904297,0.0,27.0,0.0,1.0,0.050000000000000044,1.272971810773015,1.2609381601214409,0.0401121994946152,0.85
centered_full_action_dqn,818,461,69.41555996984243,78.93297941848637,26.51280964910984,42.90275013446808,1.4210986653342843,14978.864543914795,0.0,21.0,0.0,0.0,0.050000000000000044,1.708637310191989,1.6991049256175756,0.031774636125192046,0.85
centered_full_action_dqn,818,462,91.24452494978905,79.40508131295444,31.775941371917725,59.468582892417906,1.5338846668601036,17714.49588394165,0.0,25.0,0.0,1.0,0.050000000000000044,1.5378931276500225,1.5300710191950202,0.026073644927237183,0.85
centered_full_action_dqn,818,463,80.90074436366558,79.07765804216267,30.47502575814724,50.42571906745434,1.4954068772494793,16844.775840759277,0.0,25.0,0.0,0.0,0.050000000000000044,1.460833553224802,1.4517391491681337,0.030314702773466706,0.85
centered_full_action_dqn,818,464,85.68185753375292,79.9985147433728,29.295802533626556,56.386055275797844,1.50183061696589,16526.275798797607,0.0,27.0,0.0,0.0,0.050000000000000044,1.5320085091516376,1.5224108416587114,0.031992210424505174,0.85
centered_full_action_dqn,818,465,86.99241984635592,80.42593164533378,29.059053100645542,57.9333673119545,1.4815619084984064,16355.87321472168,0.0,27.0,0.0,2.0,0.050000000000000044,1.6137250121682882,1.604630408808589,0.030315288924612105,0.85
centered_full_action_dqn,818,466,98.98881723284721,80.61668082423509,34.203107714653015,64.78570972681045,1.6283363169059157,19773.209785461426,0.0,29.0,0.0,2.0,0.050000000000000044,1.8012772565707564,1.793013321235776,0.027546538040041924,0.85
centered_full_action_dqn,818,467,67.09643831402063,80.34826776377857,26.06383203715086,41.032606068253514,1.4199176486581564,14859.756397247314,0.0,21.0,0.0,2.0,0.050000000000000044,1.4414801690727472,1.4322454240173101,0.030782435438595712,0.85
centered_full_action_dqn,818,468,85.75553628951312,80.61874711811542,31.207762107253075,54.54777410775423,1.5303901983425021,17287.68687438965,0.0,25.0,0.0,3.0,0.050000000000000044,1.8479166645556688,1.839829321950674,0.026957874186336994,0.85
centered_full_action_dqn,818,469,74.28286656737328,80.9152777351439,28.110267981886864,46.172598108649254,1.4566373797133565,15875.395595550537,0.0,21.0,0.0,0.0,0.050000000000000044,1.9484878350049257,1.9405371379107237,0.026502327877096832,0.85
centered_full_action_dqn,818,470,94.01589596569538,81.83285549774766,30.01541991531849,64.00047549903393,1.5128786033019423,16844.147583007812,0.0,29.0,0.0,2.0,0.050000000000000044,1.136070266366005,1.1265683770179749,0.03167293616570532,0.85
centered_full_action_dqn,818,471,83.76047007143498,81.8821451330185,29.43710348010063,54.32336697876453,1.4886877732351422,16532.395389556885,0.0,24.0,0.0,2.0,0.050000000000000044,2.251091670244932,2.2417595721781254,0.031106916954740882,0.85
centered_full_action_dqn,818,472,82.00612080395221,82.01854629725219,29.783212333917618,52.222908946871755,1.5144594861194491,17085.73931503296,0.0,24.0,0.0,4.0,0.050000000000000044,1.4759049788117409,1.4663400892168283,0.03188293462153524,0.85
centered_full_action_dqn,818,473,69.93470734655857,81.04194122612476,26.383552968502045,43.5511545419693,1.4075813107192516,15110.841472625732,0.0,20.0,0.0,2.0,0.050000000000000044,1.8326925728470087,1.8240359090268612,0.028855565236881375,0.85
centered_full_action_dqn,818,474,81.36405479460954,81.72577405452728,29.25615396350622,52.107901114225385,1.4881272874772549,16352.430290222168,0.0,26.0,0.0,2.0,0.050000000000000044,1.6262755673378706,1.6176709569990635,0.028682061354629695,0.85
centered_full_action_dqn,818,475,95.16633273065091,82.49224018074572,30.743386179208755,64.42294664084912,1.560019876807928,17653.523330688477,0.0,29.0,0.0,1.0,0.050000000000000044,2.386151287704706,2.3778879437595606,0.027544446173124015,0.85
centered_full_action_dqn,818,476,77.43811526149511,82.25978443801404,29.44821495562792,47.98990036547184,1.5074285427108407,16761.063762664795,0.0,22.0,0.0,1.0,0.050000000000000044,2.072395619004965,2.0632677748799324,0.030426174635067582,0.85
centered_full_action_dqn,818,477,89.21394521147013,83.0258925355971,30.400791876018047,58.813153290748595,1.5602271100506186,17432.072715759277,0.0,27.0,0.0,3.0,0.050000000000000044,2.1847092378884554,2.175551276654005,0.03052646853029728,0.85
centered_full_action_dqn,818,478,83.15586790442467,82.8817982505262,31.16878540068865,51.98708264529705,1.520895455032587,16903.370414733887,0.0,24.0,0.0,1.0,0.050000000000000044,1.5499395728111267,1.5389417465776205,0.03665942628867924,0.85
centered_full_action_dqn,818,479,86.2305303156376,83.59878903880717,29.83867748081684,56.391852834820746,1.5674294019117951,17508.58752822876,0.0,26.0,0.0,2.0,0.050000000000000044,1.2836626507341862,1.274848222732544,0.029381356318481266,0.85
centered_full_action_dqn,818,480,66.57930438369513,82.46120549283924,26.790314950048923,39.78898964226246,1.4299853639677167,15006.650791168213,0.0,19.0,0.0,1.0,0.050000000000000044,1.7652665060013533,1.7560062855482101,0.030867374036461115,0.85
centered_full_action_dqn,818,481,68.82079192399979,82.4314670905471,25.332041658461094,43.48875048160553,1.363578900694847,14070.894718170166,0.0,20.0,0.0,1.0,0.050000000000000044,1.5089086517691612,1.4999301489442587,0.029928354546427727,0.85
centered_full_action_dqn,818,482,71.71228870749474,81.45485527843239,27.182869151234627,44.529419615864754,1.4479872044175863,15313.255367279053,0.0,22.0,0.0,0.0,0.050000000000000044,2.115225737914443,2.106185294687748,0.03013477672357112,0.85
centered_full_action_dqn,818,483,77.49118366241456,81.28437724336985,26.89769744873047,50.59348645210266,1.4347834419459105,15166.354221343994,0.0,24.0,0.0,1.0,0.050000000000000044,2.0787053611129522,2.0699220821261406,0.029277598951011896,0.85
centered_full_action_dqn,818,484,78.89175786972046,80.94487226016821,30.528558254241943,48.363199615478514,1.5158065650612116,17320.869285583496,0.0,22.0,0.0,1.0,0.050000000000000044,1.5790968593209982,1.5708232410252094,0.027578721288591623,0.85
centered_full_action_dqn,818,485,74.6058975622058,80.3255461459607,29.0671174749732,45.538780280947684,1.4804309019818902,16214.40018081665,0.0,21.0,0.0,1.0,0.050000000000000044,1.9096889458596706,1.901229154318571,0.028199315420351923,0.85
centered_full_action_dqn,818,486,92.14795424938202,79.98350299678745,33.123350478708744,59.02460321187973,1.5753042753785849,18997.255699157715,0.0,26.0,0.0,2.0,0.050000000000000044,1.6692459639161825,1.6607158482074738,0.028433697181753814,0.85
centered_full_action_dqn,818,487,83.73885437846184,80.8156238000095,29.572793930768967,54.16606058180332,1.4895559465512633,16472.392322540283,0.0,25.0,0.0,0.0,0.050000000000000044,2.5617637652903795,2.5518928468227386,0.032903093146160245,0.85
centered_full_action_dqn,818,488,92.75772289931774,81.16573313049973,32.23746108263731,60.52026182413101,1.5596573129296303,17889.70302581787,0.0,26.0,0.0,1.0,0.050000000000000044,1.9270705226808786,1.918760672211647,0.027699526166543365,0.85
centered_full_action_dqn,818,489,89.28218172639609,81.91569888845088,29.82528132945299,59.456900590658186,1.5211811969056726,17467.123851776123,0.0,25.0,0.0,2.0,0.050000000000000044,1.4517923314124346,1.4426366798579693,0.03051888383924961,0.85
centered_full_action_dqn,818,490,83.85023669451475,81.40741592489184,29.937731459736824,53.91250464618206,1.4943191893398762,16438.777519226074,0.0,25.0,0.0,2.0,0.050000000000000044,1.8123068399727345,1.803741818293929,0.028550078277476132,0.85
centered_full_action_dqn,818,491,69.79970420897007,80.70937763176859,28.025589123368263,41.77411484718323,1.4428889462724328,15772.90456199646,0.0,20.0,0.0,0.0,0.050000000000000044,1.9568598624318838,1.947743944823742,0.030386361409910023,0.85
centered_full_action_dqn,818,492,79.85665455162525,80.60190431915224,30.43501813709736,49.42163634002209,1.52041435521096,16919.516399383545,0.0,23.0,0.0,3.0,0.050000000000000044,1.033073740079999,1.0235875323414803,0.03162065986543894,0.85
centered_full_action_dqn,818,493,76.19196812212468,80.91476735793056,28.46775931119919,47.72420951128006,1.4489827826619148,15823.329208374023,0.0,23.0,0.0,1.0,0.050000000000000044,1.6642687171697617,1.6563067305833101,0.02653995342552662,0.85
centered_full_action_dqn,818,494,76.8162857145071,80.68737890392543,29.294302508234978,47.52198338508606,1.4808860393241048,16228.729091644287,0.0,22.0,0.0,1.0,0.050000000000000044,1.8071550317108631,1.7995368838310242,0.025393890566192567,0.85
centered_full_action_dqn,818,495,72.61440876871347,79.55978270582855,29.131160967051983,43.483247607946396,1.4933021878823638,16702.157566070557,0.0,21.0,0.0,0.0,0.050000000000000044,1.8501568492501974,1.8428987711668015,0.02419358119368553,0.85
centered_full_action_dqn,818,496,94.05496861189604,80.3906253733486,30.844104632735252,63.2108641654253,1.521691782400012,17137.385864257812,0.0,29.0,0.0,1.0,0.050000000000000044,1.351300474256277,1.3426035083830357,0.028989893035031855,0.85
centered_full_action_dqn,818,497,77.95705126523971,79.82778067603708,27.197036065161228,50.76001529693603,1.4597436413168907,15464.839267730713,0.0,24.0,0.0,2.0,0.050000000000000044,1.6218112725764513,1.6127757281064987,0.030118431081064045,0.85
centered_full_action_dqn,818,498,88.08776165246964,80.07437536343933,30.790995076298714,57.29676642715931,1.5255444748327136,17262.583557128906,0.0,27.0,0.0,4.0,0.050000000000000044,1.2251940499991179,1.2170215528458357,0.027241695439442992,0.85
centered_full_action_dqn,818,499,82.42410263568163,79.88405397944153,31.102029629051685,51.32207255959511,1.5408800225704908,17578.43914413452,0.0,23.0,0.0,3.0,0.050000000000000044,2.1662433687597513,2.1567254830151796,0.03172621491830796,0.85
centered_full_action_dqn,818,500,91.11003201007843,81.1105903607607,30.13066089898348,60.97937146127224,1.5247412705793977,16757.569255828857,0.0,28.0,0.0,3.0,0.050000000000000044,1.3230883330106735,1.3145835045725107,0.02834947733208537,0.85
centered_full_action_dqn,818,501,90.79849702864885,82.20947561599316,31.334836594760418,59.46365946531296,1.567097958177328,18184.038299560547,0.0,27.0,0.0,0.0,0.050000000000000044,1.8033075612038374,1.793816700577736,0.03163623821455985,0.85
centered_full_action_dqn,818,502,86.14137397706509,82.93092987947166,30.0820582062006,56.05931614339352,1.5129103381186724,16934.167629241943,0.0,26.0,0.0,1.0,0.050000000000000044,1.8650565296411514,1.8567231446504593,0.027777935029007494,0.85
centered_full_action_dqn,818,503,93.57561540007592,83.73515146635472,32.37386666238308,61.20174788832664,1.5702652279287577,18404.493156433105,0.0,27.0,0.0,2.0,0.050000000000000044,1.7346951849758625,1.7249577417969704,0.032458161120302975,0.85
centered_full_action_dqn,818,504,92.8204350411892,84.43158532492816,31.577575966715813,61.24285944700241,1.5767555236816406,17824.440326690674,0.0,28.0,0.0,2.0,0.050000000000000044,1.8372551370412111,1.8282678686082363,0.0299575348617509,0.85
centered_full_action_dqn,818,505,81.23394334465266,84.76298761405052,28.10905770212412,53.12488547861576,1.4522245852276683,15393.719968795776,0.0,25.0,0.0,1.0,0.050000000000000044,2.19977193325758,2.1904101967811584,0.031205811887048185,0.85
centered_full_action_dqn,818,506,84.2899526655674,84.37008753485978,29.892323344945908,54.39762897789478,1.4949859762564301,16657.073928833008,0.0,26.0,0.0,0.0,0.050000000000000044,1.7520172521471977,1.7432868890464306,0.029101237887516618,0.85
centered_full_action_dqn,818,507,70.36803905814887,83.70154676884414,26.985072679817677,43.382966646552084,1.428192449733615,14953.757797241211,0.0,22.0,0.0,2.0,0.050000000000000044,1.95362794585526,1.9442207626998425,0.03135725995525718,0.85
centered_full_action_dqn,818,508,85.80469809621573,83.35389552868904,29.65697455406189,56.147723191976546,1.5181275196373463,17001.55443763733,0.0,27.0,0.0,1.0,0.050000000000000044,1.420294051989913,1.4093418847769499,0.03650719590950757,0.85
centered_full_action_dqn,818,509,70.0260638833046,82.39108963653446,27.841401875019073,42.18466188907623,1.4432308534160256,15231.068367004395,0.0,22.0,0.0,1.0,0.050000000000000044,2.134583370760083,2.1255450733006,0.030127627309411764,0.85
centered_full_action_dqn,818,510,93.55009408295155,82.8760825059563,32.38099603354931,61.169097408652306,1.588125298731029,18415.748538970947,0.0,28.0,0.0,1.0,0.050000000000000044,1.539652843028307,1.5306350700557232,0.030059168580919504,0.85
centered_full_action_dqn,818,511,88.14529712051153,83.79336215153337,29.697382897138596,58.44791502058506,1.4850167548283935,16572.671115875244,0.0,28.0,0.0,3.0,0.050000000000000044,1.8114404752850533,1.8015679903328419,0.03290822578128427,0.85
centered_full_action_dqn,818,512,82.75046244412661,83.93805254615845,29.828659541904926,52.921803244948386,1.5187753345817327,16982.755710601807,0.0,25.0,0.0,2.0,0.050000000000000044,1.9136247634887695,1.9045145437121391,0.03036740340758115,0.85
centered_full_action_dqn,818,513,101.39547192305326,85.19822773620487,35.85564338415861,65.53982818126678,1.6376366904005408,19994.360641479492,0.0,30.0,0.0,0.0,0.050000000000000044,1.820078419521451,1.811760088428855,0.027727772248908877,0.85
centered_full_action_dqn,818,514,77.19353376477957,85.21709013871849,29.645836375653744,47.547697672247885,1.493321506306529,17007.675708770752,0.0,22.0,0.0,1.0,0.050000000000000044,1.901859525591135,1.8936774004250765,0.027273823972791433,0.85
centered_full_action_dqn,818,515,98.0692091524601,86.48983015790583,32.501418724656105,65.56778992116452,1.6183548215776682,18756.979419708252,0.0,29.0,0.0,1.0,0.050000000000000044,1.7115045730024576,1.702158747240901,0.03115281998179853,0.85
centered_full_action_dqn,818,516,103.75395617187023,86.97477953590453,33.704937636852264,70.04901863932609,1.6000598091632128,19069.751792907715,0.0,31.0,0.0,2.0,0.050000000000000044,2.24722333997488,2.2389876395463943,0.027452326728962362,0.85
centered_full_action_dqn,818,517,105.62535165250301,88.3581945552677,35.1681377440691,70.4572137594223,1.644926474429667,20059.35327911377,0.0,31.0,0.0,1.0,0.050000000000000044,2.6568147391080856,2.6481708846986294,0.028812814969569445,0.85
centered_full_action_dqn,818,518,75.23575385808945,87.71559416554868,27.12402205169201,48.11173197031021,1.4618897214531898,15576.923110961914,0.0,24.0,0.0,2.0,0.050000000000000044,1.9926689974963665,1.9838863164186478,0.029275583801791072,0.85
centered_full_action_dqn,818,519,82.33033484220505,87.71090577587486,31.26407977938652,51.06625500321388,1.5408612955361605,17804.023502349854,0.0,23.0,0.0,1.0,0.050000000000000044,1.862910896539688,1.8529317639768124,0.03326383780222386,0.85
centered_full_action_dqn,818,520,85.19666263610125,87.415237307176,30.915956623852253,54.28070574402809,1.5193499457091093,17289.71734237671,0.0,24.0,0.0,1.0,0.050000000000000044,2.420933961868286,2.409786343574524,0.0371587541885674,0.85
centered_full_action_dqn,818,521,100.32278162240982,87.89145153686407,34.702902503311634,65.61987943947315,1.6025146190077066,19478.672115325928,0.0,28.0,0.0,1.0,0.050000000000000044,1.9528122413903475,1.9413727093487978,0.038131714216433465,0.85
centered_full_action_dqn,818,522,70.16811254620552,87.09278846532106,28.02682438492775,42.14128802716732,1.456937225535512,16118.028091430664,0.0,21.0,0.0,1.0,0.050000000000000044,2.3379428386688232,2.3259220346808434,0.04006930359173566,0.85
centered_full_action_dqn,818,523,79.24775597453117,86.37639549404385,28.449447467923164,50.798307955265045,1.4551647054031491,16239.876750946045,0.0,25.0,0.0,2.0,0.050000000000000044,1.8824815563857555,1.870396215468645,0.040284435730427504,0.85
centered_full_action_dqn,818,524,87.02422785758972,86.08658513486385,30.989856466650963,56.034371078014374,1.5148208644241095,17503.328784942627,0.0,27.0,0.0,0.0,0.050000000000000044,1.6588733457028866,1.6501281708478928,0.02915056236088276,0.85
centered_full_action_dqn,818,525,76.3219248726964,85.84098421126605,28.932281598448753,47.38964292407036,1.4707597540691495,16190.673141479492,0.0,22.0,0.0,0.0,0.050000000000000044,1.6206243224442005,1.6117173545062542,0.029689920833334327,0.85
centered_full_action_dqn,818,526,87.67565091699362,86.01026912383735,32.96907926350832,54.70657181739807,1.6036094585433602,18653.699073791504,0.0,26.0,0.0,1.0,0.050000000000000044,1.4910830091685057,1.4827002976089716,0.027942361659370363,0.85
centered_full_action_dqn,818,527,81.50708945393562,86.5672216436267,31.139899522066116,50.36719014048576,1.5456178355962038,17391.37462234497,0.0,23.0,0.0,3.0,0.050000000000000044,1.9284408167004585,1.9198598861694336,0.028603124083019793,0.85
centered_full_action_dqn,818,528,78.2425281509757,86.18911314636469,29.955951042473316,48.28657718300819,1.4904739009216428,16742.211463928223,0.0,22.0,0.0,2.0,0.050000000000000044,2.1237431578338146,2.1147780288010836,0.02988373674452305,0.85
centered_full_action_dqn,818,529,78.93689684569836,86.63465479448436,28.90922936797142,50.02766774594784,1.4892749236896634,16403.303581237793,0.0,24.0,0.0,0.0,0.050000000000000044,2.0345067158341408,2.024746909737587,0.03253270615823567,0.85
centered_full_action_dqn,818,530,89.84415444880725,86.44935781277715,31.123831130564213,58.72032297551632,1.5485106455162168,17733.27028656006,0.0,26.0,0.0,1.0,0.050000000000000044,1.7945197448134422,1.7852130010724068,0.031022410141304135,0.85
centered_full_action_dqn,818,531,76.12216106057167,85.84820100978017,28.980810686945915,47.14135053753853,1.4927225979045033,16552.69036102295,0.0,23.0,0.0,1.0,0.050000000000000044,1.8909763284027576,1.8827745858579874,0.027339185820892453,0.85
centered_full_action_dqn,818,532,84.18392975330353,85.91987437523902,31.567158982157707,52.61677033901215,1.5775692705065012,18135.568111419678,0.0,25.0,0.0,4.0,0.050000000000000044,1.5323169492185116,1.523522861301899,0.029313625185750425,0.85
centered_full_action_dqn,818,533,72.38118030130863,84.46915979415179,28.243597507476807,44.1375829577446,1.459572546184063,15683.125051498413,0.0,21.0,0.0,0.0,0.050000000000000044,2.2383622229099274,2.228284753859043,0.03359148895833641,0.85
centered_full_action_dqn,818,534,70.98617695420981,84.15879195362331,27.45559272915125,43.53058416545391,1.4673352502286434,16096.651958465576,0.0,20.0,0.0,1.0,0.050000000000000044,1.8546677008271217,1.845330223441124,0.03112493350636214,0.85
centered_full_action_dqn,818,535,98.43824299573899,84.17724364578724,33.26678750663996,65.17145518362523,1.5855710078030825,18507.756023406982,0.0,29.0,0.0,1.0,0.050000000000000044,1.4993405528366566,1.4893419183790684,0.03332877065986395,0.85
centered_full_action_dqn,818,536,79.93128376752138,82.9861100255698,29.966337636113167,49.96494582593441,1.5392440678551793,17346.66062927246,0.0,24.0,0.0,2.0,0.050000000000000044,1.3378864051774144,1.3290303144603968,0.029520303825847805,0.85
centered_full_action_dqn,818,537,79.74774094820023,81.69222949035466,29.8248408138752,49.92289947867393,1.4950299924239516,16826.717197418213,0.0,23.0,0.0,1.0,0.050000000000000044,1.751776760444045,1.7409580275416374,0.03606239007785916,0.85
centered_full_action_dqn,818,538,73.18385285288096,81.58963444009424,28.472606606781483,44.711246439814566,1.5102620124816895,16542.964084625244,0.0,21.0,0.0,3.0,0.050000000000000044,1.779959350824356,1.7696310691535473,0.034427593112923205,0.85
centered_full_action_dqn,818,539,94.22049167752266,82.18414228186012,33.776811338961124,60.44367998838425,1.608716149814427,19018.69780921936,0.0,28.0,0.0,1.0,0.050000000000000044,1.566020580008626,1.5572023801505566,0.02939397725276649,0.85
centered_full_action_dqn,818,540,88.88020098209381,82.36831919915974,32.07090312242508,56.809297516942024,1.5486353607848287,18154.60049057007,0.0,27.0,0.0,2.0,0.050000000000000044,1.573838796466589,1.564864544197917,0.02991418936289847,0.85
centered_full_action_dqn,818,541,85.61207912266255,81.63278407417238,31.31282263994217,54.299256750941275,1.5681567201390862,18187.188289642334,0.0,25.0,0.0,3.0,0.050000000000000044,1.7152249962091446,1.706519789993763,0.029017350054346025,0.85
centered_full_action_dqn,818,542,81.75597099512815,82.21217699661851,28.83999640494585,52.915974128246305,1.4895746428519487,16351.907012939453,0.0,24.0,0.0,2.0,0.050000000000000044,1.9310956038534641,1.922928649932146,0.02722316945437342,0.85
centered_full_action_dqn,818,543,77.15695385932922,82.1076368908584,28.432655833661556,48.724297660589215,1.4785006726160645,16293.985652923584,0.0,22.0,0.0,2.0,0.050000000000000044,2.2062475457787514,2.1970698591321707,0.030592306284233928,0.85
centered_full_action_dqn,818,544,95.79398457109929,82.54612472653389,32.67447380721569,63.11951088309288,1.589832155033946,18626.55824279785,0.0,28.0,0.0,2.0,0.050000000000000044,1.6983608305454254,1.6884792149066925,0.032938755000941455,0.85
centered_full_action_dqn,818,545,85.1757340669632,82.98881518624724,29.553789973258972,55.62194378077984,1.5023601902648807,16690.25424194336,0.0,28.0,0.0,1.0,0.050000000000000044,1.4493820946663618,1.4399151168763638,0.03155653830617666,0.85
centered_full_action_dqn,818,546,78.94630755484104,82.55234801813961,29.280007302761078,49.66630032658577,1.492546908557415,16762.53567123413,0.0,24.0,0.0,3.0,0.050000000000000044,2.045475734397769,2.036058973520994,0.03138919733464718,0.85
centered_full_action_dqn,818,547,64.86027294397354,81.7200071926415,24.656522549688816,40.203750252723694,1.4022323554381728,14040.688257217407,0.0,19.0,0.0,0.0,0.050000000000000044,1.6693426687270403,1.6589897330850363,0.03450980922207236,0.85
centered_full_action_dqn,818,548,80.54278288185597,81.83501992918552,29.84089931845665,50.70188365280628,1.4913767585530877,16559.922519683838,0.0,25.0,0.0,2.0,0.050000000000000044,2.198445498943329,2.1890443488955498,0.03133721055928618,0.85
centered_full_action_dqn,818,549,84.35724501311779,82.1060373375565,30.554176688194275,53.80306847393513,1.5217670062556863,17333.701202392578,0.0,26.0,0.0,0.0,0.050000000000000044,2.1349697411060333,2.125494197010994,0.031585174961946905,0.85
centered_full_action_dqn,818,550,72.29602491259575,81.22863086074592,28.956071630120277,43.339953103661536,1.4754489157348871,16138.338474273682,0.0,20.0,0.0,1.0,0.050000000000000044,1.9305096548050642,1.9189606383442879,0.03849672549404204,0.85
centered_full_action_dqn,818,551,70.85741447210312,80.96539353132249,26.93856043368578,43.918853777647016,1.4086513258516788,14921.333240509033,0.0,21.0,0.0,2.0,0.050000000000000044,2.0802149418741465,2.0706012845039368,0.032045483123511076,0.85
centered_full_action_dqn,818,552,93.13393526673318,81.41289380699396,32.45445041358471,60.679484555125235,1.5745542664080858,18293.016927719116,0.0,27.0,0.0,2.0,0.050000000000000044,1.8841854445636272,1.8746608905494213,0.031748568871989846,0.85
centered_full_action_dqn,818,553,80.24864398688078,81.80626699127257,29.135259963572025,51.11338433623314,1.5154221393167973,17059.537628173828,0.0,23.0,0.0,0.0,0.050000000000000044,1.8263818453997374,1.818026615306735,0.027850777958519757,0.85
centered_full_action_dqn,818,554,61.76911170035601,81.34541372857987,25.73204404860735,36.03706768155098,1.3976034978404641,14597.041553497314,0.0,19.0,0.0,2.0,0.050000000000000044,1.8621679842472076,1.85282245837152,0.03115172707475722,0.85
centered_full_action_dqn,818,555,67.39341416358948,79.7931722869724,27.35504051297903,40.03837380707264,1.4705352699384093,16070.167051315308,0.0,21.0,0.0,1.0,0.050000000000000044,1.7701000701636076,1.7602240350097418,0.03292010480072349,0.85
centered_full_action_dqn,818,556,87.7444840759039,80.18383230239154,32.350908279418945,55.393575796484946,1.5686546694487333,18241.27490234375,0.0,25.0,0.0,3.0,0.050000000000000044,2.2221770584583282,2.2127210907638073,0.03151991404592991,0.85
centered_full_action_dqn,818,557,76.14525733143091,80.00370812155307,27.35072733461857,48.79452985525131,1.4604728780686855,15983.854682922363,0.0,22.0,0.0,0.0,0.050000000000000044,2.068658195436001,2.0595523938536644,0.03035264858044684,0.85
centered_full_action_dqn,818,558,76.48921949565411,80.16897645369173,29.501052260398865,46.988167309761046,1.4859408373013139,16526.89584350586,0.0,22.0,0.0,3.0,0.050000000000000044,1.4767666533589363,1.4646917767822742,0.040249583194963634,0.85
centered_full_action_dqn,818,559,90.28708299994469,79.97230601981282,31.057598888874054,59.22948381304741,1.5420734118670225,17652.980892181396,0.0,28.0,0.0,0.0,0.050000000000000044,1.868709733709693,1.8574168384075165,0.037642958806827664,0.85
centered_full_action_dqn,818,560,100.22173745334149,80.53938284337521,33.45579767227173,66.76593948304654,1.5834510242566466,18533.988510131836,0.0,29.0,0.0,2.0,0.050000000000000044,1.978451767936349,1.9682258535176516,0.03408639179542661,0.85
centered_full_action_dqn,818,561,86.00198275893926,80.55887802518905,30.617411114275455,55.384571599960324,1.5297858696430922,17093.90397644043,0.0,25.0,0.0,3.0,0.050000000000000044,1.8925521429628134,1.883278513327241,0.030912078800611198,0.85
centered_full_action_dqn,818,562,69.90588092952967,79.96637352190912,28.68317849189043,41.22270212471485,1.4784926977008581,16601.577476501465,0.0,22.0,0.0,1.0,0.050000000000000044,1.7899645790457726,1.7797043453902006,0.034200774622149765,0.85
centered_full_action_dqn,818,563,97.38113948255777,80.97758280307055,34.98875352740288,62.39238544106483,1.6585290068760514,19926.71812057495,0.0,30.0,0.0,2.0,0.050000000000000044,2.2467519398778677,2.235508730635047,0.037477444973774254,0.85
centered_full_action_dqn,818,564,78.73180929124355,80.12447403907775,28.930693857371807,49.80111512839794,1.485262936912477,16580.06442642212,0.0,24.0,0.0,4.0,0.050000000000000044,1.9482739381492138,1.9381742533296347,0.03366563143208623,0.85
centered_full_action_dqn,818,565,85.02148448824883,80.11676156014205,29.70882026106119,55.31266393661499,1.5201391521841288,16930.33413696289,0.0,27.0,0.0,1.0,0.050000000000000044,1.8183439448475838,1.8077238947153091,0.035400122753344476,0.85
centered_full_action_dqn,818,566,81.41576258987189,80.2402343118936,28.96278516948223,52.45297720432281,1.4762293035164475,16151.860774993896,0.0,25.0,0.0,2.0,0.050000000000000044,1.3443932104855776,1.3353007715195417,0.030308145098388195,0.85
centered_full_action_dqn,818,567,90.42529927194118,81.51848562829198,33.027848944067955,57.39745032787323,1.6065440382808447,18651.35619354248,0.0,25.0,0.0,1.0,0.050000000000000044,1.6230606734752655,1.6128903273493052,0.03390113136265427,0.85
centered_full_action_dqn,818,568,85.67161590009928,81.77492727920415,29.819698318839073,55.85191806554794,1.5044636745005846,16971.70492553711,0.0,26.0,0.0,1.0,0.050000000000000044,1.4916972294449806,1.4825573526322842,0.030466267839074135,0.85
centered_full_action_dqn,818,569,78.39672450870276,81.4769012539834,28.3546307310462,50.04209352433681,1.4794753761962056,16188.381412506104,0.0,22.0,0.0,2.0,0.050000000000000044,1.1324076559394598,1.1224165838211775,0.033303538570180535,0.85
centered_full_action_dqn,818,570,79.08615407645702,81.81640771217646,29.88075891137123,49.20539491176605,1.5050719548016787,16748.99819946289,0.0,23.0,0.0,3.0,0.050000000000000044,1.9912463277578354,1.9807446599006653,0.03500560170505196,0.85
centered_full_action_dqn,818,571,92.13314678519964,82.88019432783128,31.42015267163515,60.71299421787262,1.6152226300910115,18533.516582489014,0.0,27.0,0.0,2.0,0.050000000000000044,2.2715646382421255,2.2613182067871094,0.03415482328273356,0.85
centered_full_action_dqn,818,572,84.93589777499437,82.47029245324433,30.063148640096188,54.87274873256683,1.5215993914753199,17591.027530670166,0.0,26.0,0.0,1.0,0.050000000000000044,1.8392341397702694,1.8294879589229822,0.032487357035279274,0.85
centered_full_action_dqn,818,573,75.90714544206858,82.25321752600372,28.067804910242558,47.83934105336666,1.467190214432776,15612.29789352417,0.0,23.0,0.0,2.0,0.050000000000000044,2.3228359036147594,2.3129833042621613,0.03284202702343464,0.85
centered_full_action_dqn,818,574,80.35409422367812,83.18246665216984,28.18369772285223,52.170397052168845,1.4751799972727895,15913.307706832886,0.0,24.0,0.0,2.0,0.050000000000000044,2.2150378115475178,2.204284492880106,0.035844309721142054,0.85
centered_full_action_dqn,818,575,63.7571831792593,83.00065510295333,25.238260373473167,38.51892265677452,1.3746930435299873,13887.54386138916,0.0,21.0,0.0,0.0,0.050000000000000044,2.1838657166808844,2.1734616067260504,0.03468037350103259,0.85
centered_full_action_dqn,818,576,81.83870780616999,82.70536628946664,29.35803012549877,52.480677956342696,1.4998465292155743,16840.611768722534,0.0,24.0,0.0,1.0,0.050000000000000044,2.0033249985426664,1.9948806576430798,0.028147839824669063,0.85
centered_full_action_dqn,818,577,71.68092051297427,82.48214944854381,27.505147270858288,44.17577316761017,1.4367827260866761,15141.458862304688,0.0,21.0,0.0,1.0,0.050000000000000044,1.8330687135457993,1.8247632458806038,0.027684875181876123,0.85
centered_full_action_dqn,818,578,89.41021121442319,83.12819903448226,31.588810801506042,57.82139998078346,1.5401795860379934,17769.98066329956,0.0,25.0,0.0,2.0,0.050000000000000044,1.7099263295531273,1.6986582037061453,0.037560504279099405,0.85
centered_full_action_dqn,818,579,70.26873569190502,82.12728166908028,27.898027658462524,42.37070778012276,1.4710778519511223,15820.498359680176,0.0,23.0,0.0,0.0,0.050000000000000044,1.4179320689290762,1.4085786566138268,0.03117806848604232,0.85
centered_full_action_dqn,818,580,66.70918775498868,80.45165418416263,24.730168230831623,41.97902003824711,1.3748228810727596,14408.62813949585,0.0,19.0,0.0,1.0,0.050000000000000044,2.081864681094885,2.0722387116402388,0.03208654187619686,0.85
centered_full_action_dqn,818,581,69.65269982814789,79.63419003762306,26.91701101511717,42.735688745975494,1.4176059076562524,15037.49020767212,0.0,22.0,0.0,0.0,0.050000000000000044,1.6242668088525534,1.6155270896852016,0.029132425435818732,0.85
centered_full_action_dqn,818,582,77.37412765920162,80.00760237410665,28.804868020117283,48.569259609282014,1.486230188049376,16045.1742477417,0.0,23.0,0.0,3.0,0.050000000000000044,1.7778708413243294,1.7681292109191418,0.03247206413652748,0.85
centered_full_action_dqn,818,583,88.55360316634179,79.56622555829586,29.71869947016239,58.83490356206894,1.537625982426107,17125.00686264038,0.0,26.0,0.0,1.0,0.050000000000000044,1.4833770468831062,1.4731981679797173,0.03392955206800252,0.85
centered_full_action_dqn,818,584,82.94084517061711,79.77667735226454,27.70654635876417,55.23429904282093,1.4441604549065232,15413.03955078125,0.0,28.0,0.0,1.0,0.050000000000000044,1.7262585181742907,1.7163134943693876,0.03315006650518626,0.85
centered_full_action_dqn,818,585,72.34033879637718,79.14262006767095,26.41831348836422,45.92202568054199,1.4350334843620658,15478.750221252441,0.0,22.0,0.0,1.0,0.050000000000000044,1.6396079435944557,1.6306069567799568,0.030003240099176764,0.85
centered_full_action_dqn,818,586,72.97743223309517,78.72070354983211,27.993244864046574,44.98418748080731,1.4516733214259148,15895.944465637207,0.0,20.0,0.0,3.0,0.050000000000000044,1.9735748656094074,1.9638514816761017,0.03241132397670299,0.85
centered_full_action_dqn,818,587,81.4895911514759,78.27391814380886,29.137689992785454,52.35190109908581,1.5118366992101073,16705.103187561035,0.0,25.0,0.0,0.0,0.050000000000000044,1.6625095773488283,1.6520445048809052,0.03488356131128967,0.85
centered_full_action_dqn,818,588,80.78883189857007,78.0297789437324,28.449806690216064,52.33902516365051,1.493768261745572,16142.003871917725,0.0,24.0,0.0,1.0,0.050000000000000044,2.1618897411972284,2.1519317347556353,0.03319334494881332,0.85
centered_full_action_dqn,818,589,81.80830206274986,78.20035782143475,29.284181460738182,52.52412060201168,1.5195400891825557,16769.072887420654,0.0,25.0,0.0,2.0,0.050000000000000044,1.407539326697588,1.3990526031702757,0.02828904229681939,0.85
centered_full_action_dqn,818,590,86.90180175155402,78.59114020518959,30.55782373994589,56.34397823512554,1.5290194787085056,17291.30630493164,0.0,25.0,0.0,1.0,0.050000000000000044,2.0318122040480375,2.022186029702425,0.032087259576655924,0.85
centered_full_action_dqn,818,591,79.97665347158909,77.98331553950908,29.478972256183624,50.49768102169037,1.4866259265691042,16612.931789398193,0.0,24.0,0.0,2.0,0.050000000000000044,2.1175371147692204,2.1075737960636616,0.03321099828463048,0.85
centered_full_action_dqn,818,592,72.92943573743105,77.38299243763089,27.528140105307102,45.40129563212395,1.4709828356280923,15856.980777740479,0.0,22.0,0.0,0.0,0.050000000000000044,1.9779238365590572,1.967202678322792,0.03573718713596463,0.85
centered_full_action_dqn,818,593,84.17938186973333,77.79660425901413,28.501458637416363,55.677924171090126,1.4837101493030787,15963.402759552002,0.0,26.0,0.0,0.0,0.050000000000000044,1.8642937783151865,1.8554556481540203,0.029460355872288346,0.85
centered_full_action_dqn,818,594,71.49850376695395,77.35382473617793,27.36734587699175,44.13115790486336,1.438635273836553,15494.720439910889,0.0,23.0,0.0,0.0,0.050000000000000044,1.8904699739068747,1.881698403507471,0.029238584567792714,0.85
centered_full_action_dqn,818,595,85.5475067794323,78.44334091618657,30.772941544651985,54.77456530928612,1.5073536094278097,17173.372562408447,0.0,25.0,0.0,0.0,0.050000000000000044,1.5571854077279568,1.548163153231144,0.03007419011555612,0.85
centered_full_action_dqn,818,596,70.92914886772633,77.89786296926438,26.74807608872652,44.181072935462,1.4321272280067205,14976.802907943726,0.0,22.0,0.0,0.0,0.050000000000000044,1.4956368375569582,1.4843930900096893,0.03747923392802477,0.85
centered_full_action_dqn,818,597,72.79686845839024,77.95366036653519,26.586603492498398,46.21026453375816,1.434274047613144,15157.067817687988,0.0,23.0,0.0,0.0,0.050000000000000044,1.9629937037825584,1.9523347672075033,0.03552978299558163,0.85
centered_full_action_dqn,818,598,79.3207330480218,77.44918645821511,29.120104379951954,50.20062896609306,1.495539041236043,16417.3614692688,0.0,24.0,0.0,1.0,0.050000000000000044,1.4223699886351824,1.4115094151347876,0.036201895331032574,0.85
centered_full_action_dqn,818,599,85.00490726530552,78.18599503688515,28.947513721883297,56.057393476367,1.505600342527032,16707.786582946777,0.0,26.0,0.0,1.0,0.050000000000000044,2.241594973951578,2.2314150147140026,0.033933172235265374,0.85
